weight	scen-length	welfare	CS	PS	redi-g	redi-bu	CR
        0.00	        0.01	  1489795.68	  1545155.75	   -54976.10	        0.00	        0.00	     1266.03
        0.00	        0.00	  1483195.68	  1545154.46	   -54974.95	       -0.01	        0.00	     1266.16
        0.00	        0.03	  1655184.35	  1671736.04	   -16079.36	        0.00	        0.00	     1177.66
        0.00	        0.00	  1648584.35	  1671735.43	   -16078.84	        0.00	        0.00	     1177.76
        0.00	        0.01	  1822690.11	  1758096.87	    65199.52	        0.00	        0.00	     1043.72
        0.00	        0.00	  1816090.11	  1758094.73	    65200.74	       -0.01	        0.00	     1044.64
        0.00	        0.01	  1489452.59	  1546010.68	   -56505.84	        0.00	        0.00	     1597.74
        0.00	        0.00	  1482852.59	  1546010.23	   -56505.51	        0.00	        0.00	     1597.86
        0.00	        0.04	  1654908.34	  1672289.52	   -16942.82	        0.00	        0.00	     1211.65
        0.00	        0.00	  1648308.34	  1672289.29	   -16942.60	        0.00	        0.00	     1211.65
        0.00	        0.01	  1822447.86	  1757540.12	    65532.72	        0.00	        0.00	     1025.01
        0.00	        0.00	  1815847.86	  1757539.11	    65533.65	        0.00	        0.00	     1025.09
        0.00	        0.01	  1488879.26	  1546979.60	   -58995.20	        0.00	        0.00	     2544.85
        0.00	        0.00	  1482279.26	  1546978.81	   -58994.45	       -0.01	        0.00	     2544.88
        0.00	        0.03	  1654384.54	  1672375.22	   -18490.10	        0.00	        0.00	     2149.42
        0.00	        0.00	  1647784.54	  1672374.91	   -18489.81	        0.00	        0.00	     2149.44
        0.00	        0.01	  1821661.99	  1750766.89	    69679.29	        0.00	        0.00	     2865.80
        0.00	        0.00	  1815061.98	  1750765.40	    69680.34	       -0.01	        0.00	     2866.23
        0.00	        0.03	  1449752.34	  1496441.29	   -46576.19	        0.00	        0.00	     1537.23
        0.00	        0.00	  1443152.34	  1496441.20	   -46576.28	        0.00	        0.00	     1537.41
        0.00	        0.10	  1609972.58	  1620846.26	   -10694.37	        0.00	        0.00	     1470.68
        0.00	        0.01	  1603372.58	  1620846.38	   -10694.53	        0.00	        0.00	     1470.72
        0.00	        0.03	  1772396.31	  1704778.43	    68033.59	        0.00	        0.00	     1234.29
        0.00	        0.00	  1765796.31	  1704778.37	    68033.64	        0.00	        0.00	     1234.30
        0.00	        0.04	  1449291.66	  1497528.53	   -48720.24	        0.00	        0.00	     2133.37
        0.00	        0.00	  1442691.66	  1497528.62	   -48720.34	        0.00	        0.00	     2133.37
        0.00	        0.13	  1609606.38	  1621625.54	   -11988.07	        0.00	        0.00	     1618.91
        0.00	        0.01	  1603006.38	  1621625.46	   -11988.01	        0.00	        0.00	     1618.93
        0.00	        0.04	  1772080.74	  1704668.64	    67815.72	        0.00	        0.00	     1246.38
        0.00	        0.00	  1765480.74	  1704668.74	    67815.60	        0.00	        0.00	     1246.40
        0.00	        0.03	  1448536.21	  1498787.53	   -51971.87	        0.00	        0.00	     3370.54
        0.00	        0.00	  1441936.21	  1498787.66	   -51972.00	        0.00	        0.00	     3370.55
        0.00	        0.10	  1608922.67	  1622046.28	   -14284.00	        0.00	        0.00	     2810.39
        0.00	        0.01	  1602322.67	  1622046.13	   -14283.85	        0.00	        0.00	     2810.40
        0.00	        0.03	  1771191.01	  1698532.54	    70983.60	        0.00	        0.00	     3324.87
        0.00	        0.00	  1764591.01	  1698532.77	    70983.35	        0.00	        0.00	     3324.88
        0.00	        0.01	  1277492.22	  1286282.48	   -10592.73	        0.00	        0.00	     3452.47
        0.00	        0.00	  1270892.22	  1286282.50	   -10592.78	        0.00	        0.00	     3452.50
        0.00	        0.03	  1415277.41	  1397950.72	    16428.31	        0.00	        0.00	     2548.38
        0.00	        0.00	  1408677.41	  1397950.29	    16428.48	        0.00	        0.00	     2548.64
        0.00	        0.01	  1555821.89	  1480677.49	    74423.87	        0.00	        0.00	     2370.52
        0.00	        0.00	  1549221.88	  1480675.90	    74425.12	        0.00	        0.00	     2370.86
        0.00	        0.01	  1276442.09	  1288260.11	   -15181.29	        0.00	        0.00	     5013.27
        0.00	        0.00	  1269842.09	  1288260.35	   -15181.69	        0.00	        0.00	     5013.43
        0.00	        0.04	  1414420.71	  1399870.03	    12460.12	        0.00	        0.00	     3740.55
        0.00	        0.00	  1407820.71	  1399870.02	    12460.12	        0.00	        0.00	     3740.56
        0.00	        0.01	  1555126.85	  1482133.63	    71876.17	        0.00	        0.00	     2767.05
        0.00	        0.00	  1548526.85	  1482130.86	    71878.66	        0.00	        0.00	     2767.32
        0.00	        0.01	  1274763.63	  1290862.95	   -22092.97	        0.00	        0.00	     7643.65
        0.00	        0.00	  1268163.63	  1290863.25	   -22093.45	        0.00	        0.00	     7643.82
        0.00	        0.03	  1412934.65	  1400461.94	     7741.15	        0.00	        0.00	     6381.56
        0.00	        0.00	  1406334.65	  1400461.94	     7741.15	        0.00	        0.00	     6381.57
        0.00	        0.01	  1553685.58	  1479864.35	    69728.66	        0.00	        0.00	     5742.56
        0.00	        0.00	  1547085.58	  1479863.08	    69729.73	        0.00	        0.00	     5742.76
        0.20	        0.01	  1476785.78	  1538720.41	   -58784.34	        0.00	        0.00	     1949.72
        0.20	        0.00	  1456385.78	  1538720.55	   -58784.49	        0.00	        0.00	     1949.72
        0.20	        0.03	  1641356.08	  1666619.25	   -22215.63	        0.00	        0.00	     2052.46
        0.20	        0.00	  1620956.08	  1666619.14	   -22215.52	        0.00	        0.00	     2052.46
        0.20	        0.01	  1808604.28	  1756615.14	    54936.33	        0.00	        0.00	     2152.80
        0.20	        0.00	  1788204.28	  1756614.93	    54936.54	        0.00	        0.00	     2152.80
        0.20	        0.01	  1476459.12	  1538557.60	   -61667.46	        0.00	        0.00	     4668.98
        0.20	        0.00	  1456059.12	  1538557.72	   -61667.58	        0.00	        0.00	     4668.98
        0.20	        0.04	  1641038.82	  1666742.65	   -24595.40	        0.00	        0.00	     3991.57
        0.20	        0.00	  1620638.82	  1666742.55	   -24595.30	        0.00	        0.00	     3991.57
        0.20	        0.01	  1808288.06	  1756617.49	    53602.81	        0.00	        0.00	     3167.76
        0.20	        0.00	  1787888.06	  1756617.48	    53602.54	        0.00	        0.00	     3168.04
        0.20	        0.01	  1475862.45	  1539066.67	   -66111.64	        0.00	        0.00	     8007.42
        0.20	        0.00	  1455462.45	  1539066.62	   -66111.48	        0.00	        0.00	     8007.31
        0.20	        0.03	  1640496.41	  1667310.10	   -28492.78	        0.00	        0.00	     6779.09
        0.20	        0.00	  1620096.41	  1667309.99	   -28492.67	        0.00	        0.00	     6779.09
        0.20	        0.01	  1807807.31	  1757006.29	    50319.34	        0.00	        0.00	     5581.67
        0.20	        0.00	  1787407.31	  1757006.03	    50319.71	        0.00	        0.00	     5581.56
        0.20	        0.03	  1444734.69	  1491623.27	   -44275.98	        0.00	        0.00	     2487.39
        0.20	        0.00	  1424334.69	  1491623.31	   -44276.02	        0.00	        0.00	     2487.39
        0.20	        0.10	  1604227.95	  1616169.76	    -9512.11	        0.00	        0.00	     2670.31
        0.20	        0.01	  1583827.95	  1616169.76	    -9512.11	        0.00	        0.00	     2670.31
        0.20	        0.03	  1766432.63	  1704306.76	    64415.86	        0.00	        0.00	     2810.02
        0.20	        0.00	  1746032.63	  1704306.50	    64416.12	        0.00	        0.00	     2810.02
        0.20	        0.04	  1444314.58	  1491375.15	   -48044.74	        0.00	        0.00	     6084.17
        0.20	        0.00	  1423914.58	  1491375.18	   -48044.77	        0.00	        0.00	     6084.17
        0.20	        0.13	  1603814.23	  1616376.54	   -12704.83	        0.00	        0.00	     5242.52
        0.20	        0.01	  1583414.23	  1616376.54	   -12704.83	        0.00	        0.00	     5242.52
        0.20	        0.04	  1766023.10	  1704303.62	    62580.55	        0.00	        0.00	     4238.93
        0.20	        0.00	  1745623.10	  1704303.42	    62580.75	        0.00	        0.00	     4238.93
        0.20	        0.03	  1443535.86	  1491979.89	   -53860.41	        0.00	        0.00	    10516.39
        0.20	        0.00	  1423135.86	  1491979.84	   -53860.31	        0.00	        0.00	    10516.33
        0.20	        0.10	  1603105.02	  1617071.33	   -17814.28	        0.00	        0.00	     8947.97
        0.20	        0.01	  1582705.02	  1617071.33	   -17814.28	        0.00	        0.00	     8947.97
        0.20	        0.03	  1765392.08	  1704805.90	    58286.10	        0.00	        0.00	     7400.08
        0.20	        0.00	  1744992.08	  1704805.61	    58286.46	        0.00	        0.00	     7400.01
        0.20	        0.01	  1308856.35	  1290731.33	    18490.43	        0.00	        0.00	     4734.58
        0.20	        0.00	  1288456.35	  1290731.33	    18490.43	        0.00	        0.00	     4734.59
        0.20	        0.03	  1446696.97	  1397263.78	    49233.20	        0.00	        0.00	     5300.00
        0.20	        0.00	  1426296.97	  1397263.78	    49233.19	        0.00	        0.00	     5300.00
        0.20	        0.01	  1587411.79	  1480497.10	   106411.46	        0.00	        0.00	     5603.23
        0.20	        0.00	  1567011.79	  1480497.10	   106411.46	        0.00	        0.00	     5603.23
        0.20	        0.01	  1308026.48	  1290119.24	    10381.73	        0.00	        0.00	    12625.51
        0.20	        0.00	  1287626.48	  1290119.26	    10381.72	        0.00	        0.00	    12625.49
        0.20	        0.04	  1445838.61	  1397263.00	    42118.11	        0.00	        0.00	    11557.50
        0.20	        0.00	  1425438.61	  1397263.00	    42118.11	        0.00	        0.00	    11557.50
        0.20	        0.01	  1586564.94	  1480672.21	   101277.98	        0.00	        0.00	     9714.75
        0.20	        0.00	  1566164.94	  1480672.21	   101277.98	        0.00	        0.00	     9714.75
        0.20	        0.01	  1306411.33	  1290414.93	     -833.95	        0.00	        0.00	    21930.34
        0.20	        0.00	  1286011.33	  1290414.85	     -833.69	        0.00	        0.00	    21930.18
        0.20	        0.03	  1444315.68	  1398623.77	    30961.30	        0.00	        0.00	    19830.60
        0.20	        0.00	  1423915.68	  1398623.77	    30961.31	        0.00	        0.00	    19830.60
        0.20	        0.01	  1585196.09	  1481997.54	    91613.79	        0.00	        0.00	    16684.76
        0.20	        0.00	  1564796.09	  1481997.50	    91613.92	        0.00	        0.00	    16684.66
        0.40	        0.01	  1476071.54	  1533788.77	   -55528.10	        0.00	        0.00	     1110.87
        0.40	        0.00	  1462871.54	  1533788.76	   -55528.02	        0.00	        0.00	     1110.80
        0.40	        0.03	  1639911.25	  1655315.58	   -13246.10	        0.00	        0.00	     1141.77
        0.40	        0.00	  1626711.25	  1655315.56	   -13246.08	        0.00	        0.00	     1141.77
        0.40	        0.01	  1805627.61	  1738072.81	    69538.24	        0.00	        0.00	     1316.55
        0.40	        0.00	  1792427.61	  1738072.92	    69538.14	        0.00	        0.00	     1316.54
        0.40	        0.01	  1475764.07	  1533650.83	   -57538.32	        0.00	        0.00	     2951.55
        0.40	        0.00	  1462564.07	  1533650.65	   -57538.14	        0.00	        0.00	     2951.55
        0.40	        0.04	  1639608.22	  1655310.06	   -14966.27	        0.00	        0.00	     2564.42
        0.40	        0.00	  1626408.22	  1655310.09	   -14966.28	        0.00	        0.00	     2564.41
        0.40	        0.01	  1805319.55	  1738032.70	    68506.38	        0.00	        0.00	     2080.47
        0.40	        0.00	  1792119.55	  1738032.89	    68506.14	        0.00	        0.00	     2080.51
        0.40	        0.01	  1475151.11	  1534152.23	   -61076.15	        0.00	        0.00	     5375.04
        0.40	        0.00	  1461951.11	  1534152.18	   -61076.33	        0.00	        0.00	     5375.25
        0.40	        0.03	  1639046.69	  1655904.36	   -18183.34	        0.00	        0.00	     4625.67
        0.40	        0.00	  1625846.69	  1655904.33	   -18183.31	        0.00	        0.00	     4625.67
        0.40	        0.01	  1804828.13	  1738510.35	    65841.96	        0.00	        0.00	     3775.82
        0.40	        0.00	  1791628.13	  1738510.47	    65841.84	        0.00	        0.00	     3775.82
        0.40	        0.03	  1444112.81	  1487196.06	   -41195.63	        0.00	        0.00	     1412.38
        0.40	        0.00	  1430912.81	  1487196.10	   -41195.67	        0.00	        0.00	     1412.38
        0.40	        0.10	  1602934.87	  1604715.51	       26.76	        0.00	        0.00	     1492.60
        0.40	        0.01	  1589734.87	  1604715.51	       26.76	        0.00	        0.00	     1492.60
        0.40	        0.03	  1763702.84	  1686739.88	    78575.41	        0.00	        0.00	     1687.55
        0.40	        0.00	  1750502.84	  1686739.99	    78575.30	        0.00	        0.00	     1687.55
        0.40	        0.04	  1443717.46	  1486964.67	   -43799.15	        0.00	        0.00	     3851.94
        0.40	        0.00	  1430517.46	  1486964.74	   -43799.18	        0.00	        0.00	     3851.91
        0.40	        0.13	  1602541.16	  1604779.07	    -2289.76	        0.00	        0.00	     3351.85
        0.40	        0.01	  1589341.16	  1604779.07	    -2289.75	        0.00	        0.00	     3351.85
        0.40	        0.04	  1763304.48	  1686689.93	    77138.22	        0.00	        0.00	     2776.33
        0.40	        0.00	  1750104.48	  1686690.03	    77138.12	        0.00	        0.00	     2776.33
        0.40	        0.03	  1442917.58	  1487548.00	   -48377.65	        0.00	        0.00	     7047.24
        0.40	        0.00	  1429717.58	  1487548.01	   -48377.65	        0.00	        0.00	     7047.22
        0.40	        0.10	  1601807.25	  1605472.93	    -6468.68	        0.00	        0.00	     6103.00
        0.40	        0.01	  1588607.25	  1605472.93	    -6468.69	        0.00	        0.00	     6103.01
        0.40	        0.03	  1762658.62	  1687520.09	    73476.30	        0.00	        0.00	     4962.23
        0.40	        0.00	  1749458.62	  1687520.21	    73476.18	        0.00	        0.00	     4962.23
        0.40	        0.01	  1308645.82	  1288059.67	    21251.47	        0.00	        0.00	     2634.68
        0.40	        0.00	  1295445.82	  1288059.55	    21251.58	        0.00	        0.00	     2634.69
        0.40	        0.03	  1446103.52	  1391820.74	    54592.97	        0.00	        0.00	     2989.80
        0.40	        0.00	  1432903.52	  1391820.86	    54592.86	        0.00	        0.00	     2989.80
        0.40	        0.01	  1585795.47	  1466893.51	   118947.60	        0.00	        0.00	     3254.36
        0.40	        0.00	  1572595.46	  1466893.90	   118947.22	        0.00	        0.00	     3254.35
        0.40	        0.01	  1307868.00	  1287440.84	    15730.51	        0.00	        0.00	     7996.64
        0.40	        0.00	  1294668.00	  1287440.78	    15730.57	        0.00	        0.00	     7996.64
        0.40	        0.04	  1445291.14	  1391687.75	    49558.29	        0.00	        0.00	     7345.11
        0.40	        0.00	  1432091.14	  1391687.76	    49558.28	        0.00	        0.00	     7345.10
        0.40	        0.01	  1584980.26	  1466902.82	   115099.71	        0.00	        0.00	     6277.74
        0.40	        0.00	  1571780.26	  1466903.15	   115099.37	        0.00	        0.00	     6277.74
        0.40	        0.01	  1306212.87	  1287640.15	     7285.63	        0.00	        0.00	    14587.09
        0.40	        0.00	  1293012.87	  1287640.08	     7285.80	        0.00	        0.00	    14586.99
        0.40	        0.03	  1443721.18	  1393017.98	    40601.24	        0.00	        0.00	    13401.96
        0.40	        0.00	  1430521.18	  1393017.98	    40601.25	        0.00	        0.00	    13401.96
        0.40	        0.01	  1583564.65	  1468679.11	   106924.52	        0.00	        0.00	    11261.02
        0.40	        0.00	  1570364.65	  1468679.50	   106924.13	        0.00	        0.00	    11261.02
        0.60	        0.01	  1474794.82	  1528493.92	   -52802.69	        0.00	        0.00	      303.59
        0.60	        0.00	  1469994.82	  1528493.56	   -52802.35	       -0.02	        0.00	      303.60
        0.60	        0.03	  1637689.69	  1639860.07	    -1250.41	        0.00	        0.00	      280.02
        0.60	        0.00	  1632889.69	  1639859.91	    -1250.25	        0.00	        0.00	      280.03
        0.60	        0.01	  1801592.83	  1716037.81	    86474.77	        0.00	        0.00	      280.25
        0.60	        0.00	  1796792.83	  1716038.05	    86474.50	       -0.01	        0.00	      280.26
        0.60	        0.01	  1474516.00	  1528362.57	   -53718.90	        0.00	        0.00	     1072.32
        0.60	        0.00	  1469716.00	  1528363.06	   -53719.64	       -0.01	        0.00	     1072.57
        0.60	        0.04	  1637424.39	  1640042.01	    -2331.13	        0.00	        0.00	      913.51
        0.60	        0.00	  1632624.39	  1640041.90	    -2331.03	        0.00	        0.00	      913.51
        0.60	        0.01	  1801352.68	  1716436.44	    85402.15	        0.00	        0.00	      714.10
        0.60	        0.00	  1796552.68	  1716436.66	    85401.90	       -0.01	        0.00	      714.11
        0.60	        0.01	  1473900.72	  1528981.23	   -55912.78	        0.00	        0.00	     2032.27
        0.60	        0.00	  1469100.72	  1528980.88	   -55912.34	       -0.02	        0.00	     2032.16
        0.60	        0.03	  1636864.01	  1640645.93	    -4280.62	        0.00	        0.00	     1698.70
        0.60	        0.00	  1632064.01	  1640645.79	    -4280.49	        0.00	        0.00	     1698.70
        0.60	        0.01	  1800851.74	  1716628.01	    83976.25	        0.00	        0.00	     1447.48
        0.60	        0.00	  1796051.74	  1716629.05	    83974.92	       -0.01	        0.00	     1447.75
        0.60	        0.03	  1442937.47	  1481902.36	   -38147.38	        0.00	        0.00	      382.49
        0.60	        0.00	  1438137.47	  1481902.39	   -38147.46	        0.00	        0.00	      382.53
        0.60	        0.10	  1600907.80	  1591002.60	    10734.53	        0.00	        0.00	      370.67
        0.60	        0.01	  1596107.80	  1591002.60	    10734.54	        0.00	        0.00	      370.67
        0.60	        0.03	  1759980.65	  1666246.48	    94575.93	        0.00	        0.00	      358.24
        0.60	        0.00	  1755180.64	  1666246.16	    94576.23	        0.00	        0.00	      358.25
        0.60	        0.04	  1442579.22	  1481684.34	   -39309.28	        0.00	        0.00	     1404.16
        0.60	        0.00	  1437779.22	  1481684.23	   -39309.18	        0.00	        0.00	     1404.16
        0.60	        0.13	  1600562.23	  1591284.61	     9280.02	        0.00	        0.00	     1197.60
        0.60	        0.01	  1595762.23	  1591284.62	     9280.01	        0.00	        0.00	     1197.60
        0.60	        0.04	  1759667.68	  1666752.03	    93159.13	        0.00	        0.00	      956.52
        0.60	        0.00	  1754867.68	  1666751.77	    93159.40	        0.00	        0.00	      956.52
        0.60	        0.03	  1441774.57	  1482423.32	   -42121.10	        0.00	        0.00	     2672.35
        0.60	        0.00	  1436974.57	  1482423.10	   -42120.79	        0.00	        0.00	     2672.26
        0.60	        0.10	  1599829.45	  1592004.62	     6783.57	        0.00	        0.00	     2241.27
        0.60	        0.01	  1595029.45	  1592004.62	     6783.57	        0.00	        0.00	     2241.27
        0.60	        0.03	  1759011.47	  1667344.58	    90971.21	        0.00	        0.00	     1895.69
        0.60	        0.00	  1754211.47	  1667344.19	    90971.59	        0.00	        0.00	     1895.69
        0.60	        0.01	  1307911.70	  1284554.00	    23842.35	        0.00	        0.00	      715.35
        0.60	        0.00	  1303111.70	  1284554.20	    23841.94	        0.00	        0.00	      715.56
        0.60	        0.03	  1444924.80	  1383579.56	    61799.01	        0.00	        0.00	      746.22
        0.60	        0.00	  1440124.79	  1383579.70	    61798.87	        0.00	        0.00	      746.22
        0.60	        0.01	  1583381.57	  1451299.48	   132558.60	        0.00	        0.00	      723.48
        0.60	        0.00	  1578581.57	  1451299.88	   132558.25	        0.00	        0.00	      723.43
        0.60	        0.01	  1307203.94	  1284134.15	    21337.96	        0.00	        0.00	     2931.83
        0.60	        0.00	  1302403.94	  1284134.27	    21337.81	        0.00	        0.00	     2931.85
        0.60	        0.04	  1444203.50	  1383843.79	    58907.09	        0.00	        0.00	     2652.61
        0.60	        0.00	  1439403.50	  1383843.73	    58907.15	        0.00	        0.00	     2652.62
        0.60	        0.01	  1582721.34	  1452249.00	   129466.58	        0.00	        0.00	     2205.76
        0.60	        0.00	  1577921.34	  1452249.46	   129466.05	        0.00	        0.00	     2205.82
        0.60	        0.01	  1305525.79	  1284560.35	    16528.34	        0.00	        0.00	     5637.09
        0.60	        0.00	  1300725.78	  1284560.37	    16528.55	        0.00	        0.00	     5636.85
        0.60	        0.03	  1442630.58	  1385314.10	    53524.00	        0.00	        0.00	     4992.49
        0.60	        0.00	  1437830.58	  1385314.19	    53523.93	        0.00	        0.00	     4992.46
        0.60	        0.01	  1581299.34	  1453179.66	   125031.61	        0.00	        0.00	     4288.07
        0.60	        0.00	  1576499.34	  1453180.11	   125031.01	        0.00	        0.00	     4288.21
        0.80	        0.01	  1473461.10	  1520727.06	   -46107.38	        0.00	        0.00	      191.43
        0.80	        0.00	  1468061.10	  1520726.61	   -46107.02	       -0.02	        0.00	      191.50
        0.80	        0.03	  1634938.75	  1620162.87	    15867.47	        0.00	        0.00	      258.42
        0.80	        0.00	  1629538.75	  1620162.76	    15867.56	        0.00	        0.00	      258.43
        0.80	        0.01	  1796536.45	  1688279.61	   109347.34	        0.00	        0.00	      259.50
        0.80	        0.00	  1791136.45	  1688279.92	   109346.82	       -0.02	        0.00	      259.68
        0.80	        0.01	  1473227.41	  1520348.56	   -46886.57	        0.00	        0.00	     1115.42
        0.80	        0.00	  1467827.41	  1520348.21	   -46886.38	       -0.01	        0.00	     1115.56
        0.80	        0.04	  1634687.72	  1620277.52	    14772.30	        0.00	        0.00	      987.90
        0.80	        0.00	  1629287.72	  1620277.56	    14772.24	        0.00	        0.00	      987.91
        0.80	        0.01	  1796298.30	  1688410.26	   108403.22	        0.00	        0.00	      834.83
        0.80	        0.00	  1790898.30	  1688410.12	   108403.35	       -0.01	        0.00	      834.82
        0.80	        0.01	  1472616.58	  1520711.28	   -49001.69	        0.00	        0.00	     2256.99
        0.80	        0.00	  1467216.58	  1520711.11	   -49001.67	       -0.02	        0.00	     2257.11
        0.80	        0.03	  1634125.34	  1620743.95	    12800.37	        0.00	        0.00	     1931.03
        0.80	        0.00	  1628725.34	  1620744.01	    12800.26	        0.00	        0.00	     1931.06
        0.80	        0.01	  1795775.39	  1688311.07	   107089.60	        0.00	        0.00	     1724.71
        0.80	        0.00	  1790375.38	  1688311.21	   107089.33	       -0.01	        0.00	     1724.83
        0.80	        0.03	  1442319.39	  1474611.90	   -31182.69	        0.00	        0.00	      240.19
        0.80	        0.00	  1436919.39	  1474611.85	   -31182.64	        0.00	        0.00	      240.18
        0.80	        0.10	  1599027.77	  1572842.93	    27207.90	        0.00	        0.00	      326.94
        0.80	        0.01	  1593627.77	  1572842.36	    27208.46	        0.00	        0.00	      326.94
        0.80	        0.03	  1755981.14	  1640964.18	   116025.19	        0.00	        0.00	      341.76
        0.80	        0.00	  1750581.14	  1640964.62	   116024.77	        0.00	        0.00	      341.74
        0.80	        0.04	  1442020.96	  1474148.14	   -32219.21	        0.00	        0.00	     1442.03
        0.80	        0.00	  1436620.96	  1474148.29	   -32219.34	        0.00	        0.00	     1442.01
        0.80	        0.13	  1598702.04	  1572947.83	    25806.96	        0.00	        0.00	     1297.24
        0.80	        0.01	  1593302.04	  1572947.42	    25807.38	        0.00	        0.00	     1297.23
        0.80	        0.04	  1755673.16	  1641167.90	   114757.74	        0.00	        0.00	     1097.52
        0.80	        0.00	  1750273.16	  1641167.83	   114757.84	        0.00	        0.00	     1097.50
        0.80	        0.03	  1441227.32	  1474508.30	   -34887.56	        0.00	        0.00	     2956.58
        0.80	        0.00	  1435827.32	  1474508.30	   -34887.56	        0.00	        0.00	     2956.58
        0.80	        0.10	  1597967.63	  1573531.10	    23248.92	        0.00	        0.00	     2537.61
        0.80	        0.01	  1592567.63	  1573530.56	    23249.46	        0.00	        0.00	     2537.61
        0.80	        0.03	  1754991.80	  1641425.70	   112682.75	        0.00	        0.00	     2233.35
        0.80	        0.00	  1749591.80	  1641425.68	   112682.76	        0.00	        0.00	     2233.36
        0.80	        0.01	  1310568.61	  1281963.50	    29519.05	        0.00	        0.00	      436.06
        0.80	        0.00	  1305168.61	  1281963.64	    29518.89	        0.00	        0.00	      436.07
        0.80	        0.03	  1446941.60	  1372407.67	    75309.93	        0.00	        0.00	      574.00
        0.80	        0.00	  1441541.60	  1372407.61	    75309.98	        0.00	        0.00	      574.00
        0.80	        0.01	  1583880.47	  1433048.09	   151537.54	        0.00	        0.00	      644.85
        0.80	        0.00	  1578480.47	  1433048.56	   151537.00	        0.00	        0.00	      644.91
        0.80	        0.01	  1309978.81	  1281371.46	    26995.23	        0.00	        0.00	     2962.12
        0.80	        0.00	  1304578.81	  1281371.74	    26994.85	        0.00	        0.00	     2962.21
        0.80	        0.04	  1446295.96	  1372132.17	    72709.94	        0.00	        0.00	     2803.85
        0.80	        0.00	  1440895.96	  1372132.32	    72709.82	        0.00	        0.00	     2803.83
        0.80	        0.01	  1583242.20	  1433500.08	   148640.65	        0.00	        0.00	     2451.47
        0.80	        0.00	  1577842.20	  1433500.14	   148640.67	        0.00	        0.00	     2451.38
        0.80	        0.01	  1308376.27	  1281103.54	    22609.67	        0.00	        0.00	     6013.06
        0.80	        0.00	  1302976.27	  1281104.79	    22607.98	        0.00	        0.00	     6013.50
        0.80	        0.03	  1444731.84	  1373110.51	    67399.13	        0.00	        0.00	     5572.20
        0.80	        0.00	  1439331.84	  1373110.46	    67399.17	        0.00	        0.00	     5572.21
        0.80	        0.01	  1581790.77	  1434246.79	   143971.36	        0.00	        0.00	     4922.61
        0.80	        0.00	  1576390.76	  1434247.28	   143970.78	        0.00	        0.00	     4922.69
        1.00	        0.01	  1472189.86	  1508892.78	   -35445.57	        0.00	        0.00	       92.65
        1.00	        0.00	  1466789.86	  1508892.60	   -35445.61	        0.00	        0.00	       92.85
        1.00	        0.03	  1631519.56	  1593012.19	    39680.71	        0.00	        0.00	      176.66
        1.00	        0.00	  1626119.56	  1593012.20	    39680.57	        0.00	        0.00	      176.79
        1.00	        0.01	  1790005.37	  1651595.73	   139541.87	        0.00	        0.00	      217.77
        1.00	        0.00	  1784605.37	  1651595.56	   139541.89	        0.00	        0.00	      217.91
        1.00	        0.01	  1471992.09	  1508536.37	   -36208.16	        0.00	        0.00	     1013.87
        1.00	        0.00	  1466592.09	  1508536.25	   -36208.03	        0.00	        0.00	     1013.87
        1.00	        0.04	  1631286.54	  1592925.26	    38751.56	        0.00	        0.00	      959.73
        1.00	        0.00	  1625886.54	  1592925.27	    38751.54	        0.00	        0.00	      959.73
        1.00	        0.01	  1789780.81	  1651650.53	   138667.99	        0.00	        0.00	      812.29
        1.00	        0.00	  1784380.81	  1651650.41	   138668.11	        0.00	        0.00	      812.30
        1.00	        0.01	  1471395.65	  1508517.41	   -38028.73	        0.00	        0.00	     2256.96
        1.00	        0.00	  1465995.65	  1508517.26	   -38028.65	        0.00	        0.00	     2257.03
        1.00	        0.03	  1630721.04	  1593136.98	    36717.34	        0.00	        0.00	     2216.72
        1.00	        0.00	  1625321.04	  1593137.16	    36717.09	        0.00	        0.00	     2216.79
        1.00	        0.01	  1789223.52	  1651084.67	   137263.21	        0.00	        0.00	     2225.65
        1.00	        0.00	  1783823.52	  1651084.48	   137263.39	        0.00	        0.00	     2225.65
        1.00	        0.03	  1441567.43	  1464735.66	   -21931.46	        0.00	        0.00	      113.23
        1.00	        0.00	  1436167.43	  1464735.67	   -21931.64	        0.00	        0.00	      113.41
        1.00	        0.10	  1596355.06	  1547906.76	    49583.03	        0.00	        0.00	      215.28
        1.00	        0.01	  1590955.06	  1547906.75	    49582.97	        0.00	        0.00	      215.33
        1.00	        0.03	  1750452.51	  1607051.99	   144473.42	        0.00	        0.00	      277.10
        1.00	        0.00	  1745052.51	  1607051.94	   144473.40	        0.00	        0.00	      277.17
        1.00	        0.04	  1441314.36	  1464315.97	   -22961.52	        0.00	        0.00	     1309.92
        1.00	        0.00	  1435914.36	  1464315.99	   -22961.56	        0.00	        0.00	     1309.93
        1.00	        0.13	  1596056.53	  1547709.36	    48435.44	        0.00	        0.00	     1261.73
        1.00	        0.01	  1590656.53	  1547709.35	    48435.45	        0.00	        0.00	     1261.73
        1.00	        0.04	  1750162.45	  1607167.01	   143276.73	        0.00	        0.00	     1068.71
        1.00	        0.00	  1744762.45	  1607166.98	   143276.76	        0.00	        0.00	     1068.71
        1.00	        0.03	  1440543.20	  1464311.90	   -25322.49	        0.00	        0.00	     2903.79
        1.00	        0.00	  1435143.20	  1464311.88	   -25322.48	        0.00	        0.00	     2903.79
        1.00	        0.10	  1595321.55	  1548106.97	    45750.56	        0.00	        0.00	     2814.01
        1.00	        0.01	  1589921.55	  1548106.97	    45750.56	        0.00	        0.00	     2814.01
        1.00	        0.03	  1749448.16	  1606574.54	   141479.91	        0.00	        0.00	     2743.71
        1.00	        0.00	  1744048.16	  1606574.57	   141479.86	        0.00	        0.00	     2743.73
        1.00	        0.01	  1312166.23	  1275839.41	    37499.92	        0.00	        0.00	      176.90
        1.00	        0.00	  1306766.23	  1275839.17	    37499.28	        0.00	        0.00	      177.77
        1.00	        0.03	  1447366.18	  1353877.60	    94484.92	        0.00	        0.00	      353.66
        1.00	        0.00	  1441966.18	  1353877.60	    94484.46	        0.00	        0.00	      354.12
        1.00	        0.01	  1582278.14	  1409743.62	   173412.05	        0.00	        0.00	      472.48
        1.00	        0.00	  1576878.14	  1409743.48	   173411.62	        0.00	        0.00	      473.04
        1.00	        0.01	  1311662.80	  1275202.13	    35097.03	        0.00	        0.00	     2713.64
        1.00	        0.00	  1306262.80	  1275201.96	    35097.20	        0.00	        0.00	     2713.64
        1.00	        0.04	  1446792.94	  1353304.04	    92205.20	        0.00	        0.00	     2633.70
        1.00	        0.00	  1441392.94	  1353304.10	    92205.12	        0.00	        0.00	     2633.72
        1.00	        0.01	  1581684.32	  1409829.86	   170823.50	        0.00	        0.00	     2380.96
        1.00	        0.00	  1576284.32	  1409829.78	   170823.58	        0.00	        0.00	     2380.95
        1.00	        0.01	  1310122.26	  1274659.74	    31000.01	        0.00	        0.00	     5812.51
        1.00	        0.00	  1304722.26	  1274659.46	    31000.23	        0.00	        0.00	     5812.57
        1.00	        0.03	  1445251.86	  1353909.31	    86968.27	        0.00	        0.00	     5724.28
        1.00	        0.00	  1439851.86	  1353909.31	    86968.26	        0.00	        0.00	     5724.28
        1.00	        0.01	  1580207.95	  1410308.16	   165997.39	        0.00	        0.00	     5252.40
        1.00	        0.00	  1574807.95	  1410308.10	   165997.42	        0.00	        0.00	     5252.44
