weight	scen-length	welfare	CS	PS	redi-g	redi-bu	CR
        0.00	        0.01	  1473094.76	  1545508.59	   -64967.18	      215.40	        0.00	        0.00
        0.00	        0.00	  1444294.75	  1545512.47	   -64971.07	      215.40	        0.00	        0.00
        0.00	        0.03	  1638293.90	  1677431.03	   -31561.87	      344.01	        0.00	        0.00
        0.00	        0.00	  1609493.90	  1677430.45	   -31561.29	      344.01	        0.00	        0.00
        0.00	        0.01	  1806874.84	  1773744.69	    40786.42	      425.02	        0.00	        0.00
        0.00	        0.00	  1778074.85	  1773744.49	    40786.62	      425.01	        0.00	        0.00
        0.00	        0.01	  1472950.35	  1545508.47	   -64967.07	      359.80	        0.00	        0.00
        0.00	        0.00	  1444150.35	  1545511.82	   -64970.42	      359.80	        0.00	        0.00
        0.00	        0.04	  1638099.33	  1677431.06	   -31561.90	      538.58	        0.00	        0.00
        0.00	        0.00	  1609299.33	  1677430.55	   -31561.39	      538.58	        0.00	        0.00
        0.00	        0.01	  1806629.26	  1773744.65	    40786.47	      670.60	        0.00	        0.00
        0.00	        0.00	  1777829.26	  1773744.74	    40786.37	      670.60	        0.00	        0.00
        0.00	        0.01	  1472782.43	  1545508.58	   -64967.17	      527.72	        0.00	        0.00
        0.00	        0.00	  1443982.43	  1545512.53	   -64971.13	      527.72	        0.00	        0.00
        0.00	        0.03	  1637883.49	  1677431.03	   -31561.87	      754.42	        0.00	        0.00
        0.00	        0.00	  1609083.49	  1677430.46	   -31561.30	      754.41	        0.00	        0.00
        0.00	        0.01	  1806316.75	  1773744.69	    40786.42	      978.26	        4.85	        0.00
        0.00	        0.00	  1777516.76	  1773744.50	    40786.61	      978.25	        4.85	        0.00
        0.00	        0.03	  1442250.09	  1499923.94	   -50163.23	      279.37	        0.00	        0.00
        0.00	        0.00	  1413450.09	  1499924.16	   -50163.45	      279.37	        0.00	        0.00
        0.00	        0.10	  1602410.96	  1626771.25	   -16680.14	      448.90	        0.00	        0.00
        0.00	        0.01	  1573610.96	  1626771.09	   -16679.98	      448.89	        0.00	        0.00
        0.00	        0.03	  1765925.93	  1721743.60	    51974.80	      561.22	        0.00	        0.00
        0.00	        0.00	  1737125.93	  1721742.55	    51975.85	      561.21	        0.00	        0.00
        0.00	        0.04	  1442063.22	  1499923.94	   -50163.22	      466.24	        0.00	        0.00
        0.00	        0.00	  1413263.22	  1499924.11	   -50163.40	      466.24	        0.00	        0.00
        0.00	        0.13	  1602159.58	  1626771.26	   -16680.14	      700.28	        0.00	        0.00
        0.00	        0.01	  1573359.58	  1626771.12	   -16680.01	      700.28	        0.00	        0.00
        0.00	        0.04	  1765611.10	  1721743.68	    51974.72	      876.04	        0.00	        0.00
        0.00	        0.00	  1736811.10	  1721742.70	    51975.70	      876.04	        0.00	        0.00
        0.00	        0.03	  1441845.91	  1499923.94	   -50163.23	      683.55	        0.00	        0.00
        0.00	        0.00	  1413045.91	  1499924.17	   -50163.45	      683.55	        0.00	        0.00
        0.00	        0.10	  1601880.67	  1626771.25	   -16680.14	      979.19	        0.00	        0.00
        0.00	        0.01	  1573080.67	  1626771.09	   -16679.98	      979.19	        0.00	        0.00
        0.00	        0.03	  1765218.29	  1721743.61	    51974.79	     1268.86	        0.00	        0.00
        0.00	        0.00	  1736418.29	  1721742.56	    51975.84	     1268.85	        0.00	        0.00
        0.00	        0.01	  1311603.59	  1304771.31	    14638.76	      575.22	        0.00	        0.00
        0.00	        0.00	  1282803.59	  1304770.90	    14639.17	      575.22	        0.00	        0.00
        0.00	        0.03	  1450411.58	  1409765.20	    48814.45	      936.82	        0.00	        0.00
        0.00	        0.00	  1421611.58	  1409765.95	    48813.71	      936.82	        0.00	        0.00
        0.00	        0.01	  1592342.29	  1498308.99	   102471.76	     1207.20	        0.00	        0.00
        0.00	        0.00	  1563542.32	  1498307.29	   102473.46	     1207.17	        0.00	        0.00
        0.00	        0.01	  1311221.62	  1304771.31	    14638.76	      957.19	        0.00	        0.00
        0.00	        0.00	  1282421.62	  1304771.09	    14638.98	      957.19	        0.00	        0.00
        0.00	        0.04	  1449899.65	  1409765.16	    48814.50	     1448.75	        0.00	        0.00
        0.00	        0.00	  1421099.65	  1409765.81	    48813.85	     1448.75	        0.00	        0.00
        0.00	        0.01	  1591711.85	  1498309.08	   102471.67	     1837.64	        0.00	        0.00
        0.00	        0.00	  1562911.87	  1498307.63	   102473.11	     1837.62	        0.00	        0.00
        0.00	        0.01	  1310777.32	  1304771.31	    14638.76	     1401.49	        0.00	        0.00
        0.00	        0.00	  1281977.32	  1304770.90	    14639.17	     1401.49	        0.00	        0.00
        0.00	        0.03	  1449331.38	  1409765.20	    48814.46	     2017.03	        0.00	        0.00
        0.00	        0.00	  1420531.38	  1409765.96	    48813.70	     2017.02	        0.00	        0.00
        0.00	        0.01	  1590950.48	  1498308.99	   102471.76	     2599.01	        0.00	        0.00
        0.00	        0.00	  1562150.51	  1498307.30	   102473.44	     2598.98	        0.00	        0.00
        0.20	        0.01	  1472020.51	  1542643.51	   -63038.62	      196.34	        0.00	        0.00
        0.20	        0.00	  1442620.51	  1542643.65	   -63038.77	      196.34	        0.00	        0.00
        0.20	        0.03	  1636740.11	  1671176.22	   -26696.76	      351.32	        0.00	        0.00
        0.20	        0.00	  1607340.11	  1671176.02	   -26696.57	      351.31	        0.00	        0.00
        0.20	        0.01	  1804323.31	  1761348.83	    50831.64	      469.13	        0.00	        0.00
        0.20	        0.00	  1774923.32	  1761348.50	    50831.96	      469.11	        0.00	        0.00
        0.20	        0.01	  1471883.64	  1542643.49	   -63038.60	      333.22	        0.00	        0.00
        0.20	        0.00	  1442483.64	  1542643.63	   -63038.74	      333.21	        0.00	        0.00
        0.20	        0.04	  1636551.20	  1671176.22	   -26696.76	      540.23	        0.00	        0.00
        0.20	        0.00	  1607151.20	  1671176.07	   -26696.62	      540.23	        0.00	        0.00
        0.20	        0.01	  1804082.25	  1761348.82	    50831.65	      710.19	        0.00	        0.00
        0.20	        0.00	  1774682.26	  1761348.61	    50831.85	      710.17	        0.00	        0.00
        0.20	        0.01	  1471722.09	  1542643.51	   -63038.62	      494.76	        0.00	        0.00
        0.20	        0.00	  1442322.09	  1542643.66	   -63038.78	      494.76	        0.00	        0.00
        0.20	        0.03	  1636340.24	  1671176.22	   -26696.76	      751.18	        0.00	        0.00
        0.20	        0.00	  1606940.24	  1671176.02	   -26696.57	      751.18	        0.00	        0.00
        0.20	        0.01	  1803771.35	  1761348.83	    50831.64	     1015.20	        5.88	        0.00
        0.20	        0.00	  1774371.37	  1761348.51	    50831.95	     1015.18	        5.88	        0.00
        0.20	        0.03	  1441909.54	  1497295.16	   -47743.40	      254.18	        0.00	        0.00
        0.20	        0.00	  1412509.54	  1497295.16	   -47743.40	      254.18	        0.00	        0.00
        0.20	        0.10	  1601652.03	  1621472.44	   -11976.41	      455.97	        0.00	        0.00
        0.20	        0.01	  1572252.03	  1621472.44	   -11976.40	      455.97	        0.00	        0.00
        0.20	        0.03	  1764261.03	  1710214.81	    62048.00	      613.75	        0.00	        0.00
        0.20	        0.00	  1734861.03	  1710214.64	    62048.17	      613.74	        0.00	        0.00
        0.20	        0.04	  1441732.35	  1497295.16	   -47743.40	      431.38	        0.00	        0.00
        0.20	        0.00	  1412332.35	  1497295.16	   -47743.40	      431.38	        0.00	        0.00
        0.20	        0.13	  1601407.64	  1621472.44	   -11976.41	      700.36	        0.00	        0.00
        0.20	        0.01	  1572007.64	  1621472.44	   -11976.40	      700.36	        0.00	        0.00
        0.20	        0.04	  1763951.40	  1710214.81	    62048.00	      923.37	        0.00	        0.00
        0.20	        0.00	  1734551.41	  1710214.68	    62048.13	      923.37	        0.00	        0.00
        0.20	        0.03	  1441523.21	  1497295.16	   -47743.40	      640.51	        0.00	        0.00
        0.20	        0.00	  1412123.21	  1497295.16	   -47743.40	      640.51	        0.00	        0.00
        0.20	        0.10	  1601134.71	  1621472.44	   -11976.41	      973.29	        0.00	        0.00
        0.20	        0.01	  1571734.71	  1621472.44	   -11976.40	      973.29	        0.00	        0.00
        0.20	        0.03	  1763560.69	  1710214.81	    62048.00	     1314.09	        0.00	        0.00
        0.20	        0.00	  1734160.70	  1710214.64	    62048.17	     1314.08	        0.00	        0.00
        0.20	        0.01	  1314537.91	  1304843.87	    17602.32	      520.24	        0.00	        0.00
        0.20	        0.00	  1285137.91	  1304843.85	    17602.33	      520.24	        0.00	        0.00
        0.20	        0.03	  1453251.66	  1408059.51	    53522.67	      942.48	        0.00	        0.00
        0.20	        0.00	  1423851.66	  1408059.50	    53522.68	      942.48	        0.00	        0.00
        0.20	        0.01	  1594663.22	  1490578.33	   112768.70	     1295.77	        0.00	        0.00
        0.20	        0.00	  1565263.25	  1490578.05	   112768.98	     1295.74	        0.00	        0.00
        0.20	        0.01	  1314175.24	  1304843.87	    17602.32	      882.91	        0.00	        0.00
        0.20	        0.00	  1284775.24	  1304843.87	    17602.32	      882.91	        0.00	        0.00
        0.20	        0.04	  1452752.77	  1408059.51	    53522.67	     1441.37	        0.00	        0.00
        0.20	        0.00	  1423352.77	  1408059.50	    53522.67	     1441.37	        0.00	        0.00
        0.20	        0.01	  1594040.72	  1490578.34	   112768.68	     1918.28	        0.00	        0.00
        0.20	        0.00	  1564640.75	  1490578.10	   112768.92	     1918.25	        0.00	        0.00
        0.20	        0.01	  1313747.20	  1304843.87	    17602.32	     1310.95	        0.00	        0.00
        0.20	        0.00	  1284347.20	  1304843.85	    17602.33	     1310.95	        0.00	        0.00
        0.20	        0.03	  1452195.47	  1408059.51	    53522.67	     1998.67	        0.00	        0.00
        0.20	        0.00	  1422795.47	  1408059.50	    53522.67	     1998.67	        0.00	        0.00
        0.20	        0.01	  1593280.93	  1490578.33	   112768.70	     2678.06	        0.00	        0.00
        0.20	        0.00	  1563880.97	  1490578.05	   112768.97	     2678.02	        0.00	        0.00
        0.40	        0.01	  1470868.33	  1537836.81	   -59206.43	      197.46	        0.00	        0.00
        0.40	        0.00	  1441468.33	  1537837.40	   -59207.03	      197.45	        0.00	        0.00
        0.40	        0.03	  1635017.68	  1662141.69	   -19182.38	      377.04	        0.00	        0.00
        0.40	        0.00	  1605617.68	  1662141.69	   -19182.37	      377.04	        0.00	        0.00
        0.40	        0.01	  1801443.20	  1747462.91	    62081.56	      536.68	        0.00	        0.00
        0.40	        0.00	  1772043.20	  1747462.99	    62081.47	      536.67	        0.00	        0.00
        0.40	        0.01	  1470731.33	  1537836.78	   -59206.40	      334.46	        0.00	        0.00
        0.40	        0.00	  1441331.33	  1537837.34	   -59206.96	      334.46	        0.00	        0.00
        0.40	        0.04	  1634828.17	  1662141.69	   -19182.38	      566.56	        0.00	        0.00
        0.40	        0.00	  1605428.17	  1662141.69	   -19182.38	      566.56	        0.00	        0.00
        0.40	        0.01	  1801196.20	  1747462.91	    62081.56	      783.68	        0.00	        0.00
        0.40	        0.00	  1771796.20	  1747462.95	    62081.51	      783.67	        0.00	        0.00
        0.40	        0.01	  1470558.77	  1537836.81	   -59206.43	      507.02	        0.00	        0.00
        0.40	        0.00	  1441158.78	  1537837.40	   -59207.03	      507.01	        0.00	        0.00
        0.40	        0.03	  1634607.49	  1662141.69	   -19182.38	      787.23	        0.00	        0.00
        0.40	        0.00	  1605207.49	  1662141.69	   -19182.38	      787.23	        0.00	        0.00
        0.40	        0.01	  1800852.63	  1747462.91	    62081.56	     1093.96	       33.29	        0.00
        0.40	        0.00	  1771452.63	  1747462.99	    62081.47	     1093.95	       33.29	        0.00
        0.40	        0.03	  1441423.07	  1493576.71	   -44333.42	      255.63	        0.00	        0.00
        0.40	        0.00	  1412023.07	  1493576.70	   -44333.42	      255.63	        0.00	        0.00
        0.40	        0.10	  1600662.48	  1613908.26	    -5192.49	      488.70	        0.00	        0.00
        0.40	        0.01	  1571262.48	  1613908.21	    -5192.45	      488.70	        0.00	        0.00
        0.40	        0.03	  1762214.36	  1697154.39	    73323.25	      698.69	        0.00	        0.00
        0.40	        0.00	  1732814.36	  1697154.56	    73323.08	      698.69	        0.00	        0.00
        0.40	        0.04	  1441245.71	  1493576.71	   -44333.42	      432.99	        0.00	        0.00
        0.40	        0.00	  1411845.71	  1493576.71	   -44333.42	      432.99	        0.00	        0.00
        0.40	        0.13	  1600417.22	  1613908.26	    -5192.49	      733.96	        0.00	        0.00
        0.40	        0.01	  1571017.22	  1613908.23	    -5192.46	      733.96	        0.00	        0.00
        0.40	        0.04	  1761896.69	  1697154.39	    73323.25	     1016.36	        0.00	        0.00
        0.40	        0.00	  1732496.69	  1697154.51	    73323.13	     1016.36	        0.00	        0.00
        0.40	        0.03	  1441018.87	  1493576.71	   -44333.42	      659.83	        0.00	        0.00
        0.40	        0.00	  1411618.87	  1493576.70	   -44333.42	      659.83	        0.00	        0.00
        0.40	        0.10	  1600128.21	  1613908.26	    -5192.49	     1022.97	        0.00	        0.00
        0.40	        0.01	  1570728.21	  1613908.21	    -5192.45	     1022.97	        0.00	        0.00
        0.40	        0.03	  1761461.08	  1697154.39	    73323.25	     1417.90	       34.07	        0.00
        0.40	        0.00	  1732061.08	  1697154.56	    73323.08	     1417.90	       34.07	        0.00
        0.40	        0.01	  1316997.94	  1304563.92	    20521.82	      523.20	        0.00	        0.00
        0.40	        0.00	  1287597.94	  1304564.19	    20521.55	      523.20	        0.00	        0.00
        0.40	        0.03	  1455538.69	  1405313.38	    58795.61	     1005.71	        0.00	        0.00
        0.40	        0.00	  1426138.69	  1405313.38	    58795.60	     1005.71	        0.00	        0.00
        0.40	        0.01	  1596309.83	  1482177.38	   123152.06	     1455.01	        0.00	        0.00
        0.40	        0.00	  1566909.84	  1482177.14	   123152.29	     1455.00	        0.00	        0.00
        0.40	        0.01	  1316634.93	  1304563.90	    20521.84	      886.21	        0.00	        0.00
        0.40	        0.00	  1287234.93	  1304564.14	    20521.59	      886.21	        0.00	        0.00
        0.40	        0.04	  1455037.49	  1405313.37	    58795.61	     1506.91	        0.00	        0.00
        0.40	        0.00	  1425637.49	  1405313.38	    58795.61	     1506.91	        0.00	        0.00
        0.40	        0.01	  1595677.66	  1482177.38	   123152.06	     2087.19	        0.00	        0.00
        0.40	        0.00	  1566277.67	  1482177.21	   123152.23	     2087.18	        0.00	        0.00
        0.40	        0.01	  1316132.10	  1304563.92	    20521.82	     1389.05	        0.00	        0.00
        0.40	        0.00	  1286732.10	  1304564.19	    20521.54	     1389.05	        0.00	        0.00
        0.40	        0.03	  1454412.23	  1405313.38	    58795.61	     2132.17	        0.00	        0.00
        0.40	        0.00	  1425012.23	  1405313.38	    58795.60	     2132.17	        0.00	        0.00
        0.40	        0.01	  1594832.34	  1482177.38	   123152.06	     2932.51	        0.00	        0.00
        0.40	        0.00	  1565432.35	  1482177.15	   123152.28	     2932.50	        0.00	        0.00
        0.60	        0.01	  1469819.10	  1532884.52	   -55148.11	      170.06	        0.00	        0.00
        0.60	        0.00	  1439819.10	  1532884.59	   -55148.17	      170.05	        0.00	        0.00
        0.60	        0.03	  1633209.37	  1650541.80	    -9232.87	      352.31	        0.00	        0.00
        0.60	        0.00	  1603209.37	  1650541.78	    -9232.85	      352.31	        0.00	        0.00
        0.60	        0.01	  1798154.96	  1730053.52	    76383.03	      534.33	        0.00	        0.00
        0.60	        0.00	  1768154.96	  1730053.51	    76383.04	      534.33	        0.00	        0.00
        0.60	        0.01	  1469689.74	  1532884.52	   -55148.11	      299.42	        0.00	        0.00
        0.60	        0.00	  1439689.74	  1532884.57	   -55148.15	      299.42	        0.00	        0.00
        0.60	        0.04	  1633026.57	  1650541.80	    -9232.87	      535.11	        0.00	        0.00
        0.60	        0.00	  1603026.57	  1650541.79	    -9232.85	      535.11	        0.00	        0.00
        0.60	        0.01	  1797913.10	  1730053.52	    76383.03	      776.19	        0.00	        0.00
        0.60	        0.00	  1767913.10	  1730053.52	    76383.02	      776.19	        0.00	        0.00
        0.60	        0.01	  1469490.84	  1532884.52	   -55148.11	      498.32	        0.00	        0.00
        0.60	        0.00	  1439490.84	  1532884.59	   -55148.18	      498.32	        0.00	        0.00
        0.60	        0.03	  1632781.31	  1650541.80	    -9232.87	      780.37	        0.00	        0.00
        0.60	        0.00	  1602781.31	  1650541.78	    -9232.85	      780.37	        0.00	        0.00
        0.60	        0.01	  1797543.28	  1730053.52	    76383.03	     1107.64	       38.37	        0.00
        0.60	        0.00	  1767543.28	  1730053.51	    76383.04	     1107.64	       38.37	        0.00
        0.60	        0.03	  1440938.97	  1488172.98	   -39266.60	      220.15	        0.00	        0.00
        0.60	        0.00	  1410938.97	  1488172.98	   -39266.61	      220.15	        0.00	        0.00
        0.60	        0.10	  1599514.48	  1603251.25	     4466.83	      456.34	        0.00	        0.00
        0.60	        0.01	  1569514.48	  1603251.21	     4466.87	      456.34	        0.00	        0.00
        0.60	        0.03	  1759705.02	  1680960.34	    87186.26	      694.33	        0.00	        0.00
        0.60	        0.00	  1729705.02	  1680960.34	    87186.26	      694.33	        0.00	        0.00
        0.60	        0.04	  1440771.49	  1488172.97	   -39266.60	      387.62	        0.00	        0.00
        0.60	        0.00	  1410771.49	  1488172.98	   -39266.61	      387.62	        0.00	        0.00
        0.60	        0.13	  1599277.87	  1603251.25	     4466.83	      692.95	        0.00	        0.00
        0.60	        0.01	  1569277.87	  1603251.22	     4466.85	      692.95	        0.00	        0.00
        0.60	        0.04	  1759393.81	  1680960.34	    87186.26	     1005.54	        0.00	        0.00
        0.60	        0.00	  1729393.81	  1680960.35	    87186.26	     1005.54	        0.00	        0.00
        0.60	        0.03	  1440502.20	  1488172.98	   -39266.60	      656.91	        0.00	        0.00
        0.60	        0.00	  1410502.20	  1488172.98	   -39266.61	      656.91	        0.00	        0.00
        0.60	        0.10	  1598949.77	  1603251.25	     4466.83	     1021.06	        0.00	        0.00
        0.60	        0.01	  1568949.77	  1603251.21	     4466.87	     1021.06	        0.00	        0.00
        0.60	        0.03	  1758917.49	  1680960.34	    87186.26	     1441.21	       40.64	        0.00
        0.60	        0.00	  1728917.49	  1680960.34	    87186.26	     1441.21	       40.64	        0.00
        0.60	        0.01	  1319092.42	  1303810.76	    23479.50	      450.59	        0.00	        0.00
        0.60	        0.00	  1289092.42	  1303810.76	    23479.49	      450.59	        0.00	        0.00
        0.60	        0.03	  1457328.71	  1401009.03	    65003.23	      936.29	        0.00	        0.00
        0.60	        0.00	  1427328.71	  1401009.00	    65003.25	      936.29	        0.00	        0.00
        0.60	        0.01	  1597219.72	  1471291.04	   135110.76	     1434.82	        0.00	        0.00
        0.60	        0.00	  1567219.72	  1471291.03	   135110.77	     1434.82	        0.00	        0.00
        0.60	        0.01	  1318749.64	  1303810.76	    23479.50	      793.36	        0.00	        0.00
        0.60	        0.00	  1288749.64	  1303810.76	    23479.50	      793.36	        0.00	        0.00
        0.60	        0.04	  1456844.76	  1401009.03	    65003.23	     1420.24	        0.00	        0.00
        0.60	        0.00	  1426844.76	  1401009.01	    65003.24	     1420.24	        0.00	        0.00
        0.60	        0.01	  1596599.17	  1471291.04	   135110.76	     2055.37	        0.00	        0.00
        0.60	        0.00	  1566599.17	  1471291.03	   135110.76	     2055.37	        0.00	        0.00
        0.60	        0.01	  1318074.52	  1303810.76	    23479.50	     1468.48	        0.00	        0.00
        0.60	        0.00	  1288074.52	  1303810.76	    23479.49	     1468.48	        0.00	        0.00
        0.60	        0.03	  1456061.68	  1401009.03	    65003.23	     2203.32	        0.00	        0.00
        0.60	        0.00	  1426061.69	  1401009.00	    65003.25	     2203.31	        0.00	        0.00
        0.60	        0.01	  1595606.03	  1471291.04	   135110.76	     3048.51	        0.00	        0.00
        0.60	        0.00	  1565606.03	  1471291.03	   135110.77	     3048.51	        0.00	        0.00
        0.80	        0.01	  1468768.27	  1526228.86	   -49359.13	      144.66	        0.00	        0.00
        0.80	        0.00	  1438168.27	  1526229.26	   -49359.53	      144.66	        0.00	        0.00
        0.80	        0.03	  1631052.80	  1634304.54	     5027.37	      322.31	        0.00	        0.00
        0.80	        0.00	  1600452.80	  1634304.53	     5027.38	      322.31	        0.00	        0.00
        0.80	        0.01	  1794024.00	  1706754.65	    95742.81	      516.67	        0.00	        0.00
        0.80	        0.00	  1763424.00	  1706754.75	    95742.71	      516.67	        0.00	        0.00
        0.80	        0.01	  1468646.63	  1526228.85	   -49359.12	      266.30	        0.00	        0.00
        0.80	        0.00	  1438046.63	  1526229.16	   -49359.43	      266.30	        0.00	        0.00
        0.80	        0.04	  1630877.07	  1634304.54	     5027.37	      498.04	        0.00	        0.00
        0.80	        0.00	  1600277.07	  1634304.54	     5027.37	      498.04	        0.00	        0.00
        0.80	        0.01	  1793787.57	  1706754.65	    95742.81	      753.09	        0.00	        0.00
        0.80	        0.00	  1763187.57	  1706754.73	    95742.73	      753.09	        0.00	        0.00
        0.80	        0.01	  1468427.00	  1526228.86	   -49359.13	      485.93	        0.00	        0.00
        0.80	        0.00	  1437827.00	  1526229.26	   -49359.54	      485.93	        0.00	        0.00
        0.80	        0.03	  1630613.42	  1634304.54	     5027.37	      761.69	        0.00	        0.00
        0.80	        0.00	  1600013.42	  1634304.53	     5027.38	      761.69	        0.00	        0.00
        0.80	        0.01	  1793394.76	  1706754.65	    95742.81	     1098.30	       47.60	        0.00
        0.80	        0.00	  1762794.76	  1706754.75	    95742.71	     1098.30	       47.60	        0.00
        0.80	        0.03	  1440361.11	  1481869.42	   -33364.24	      187.27	        0.00	        0.00
        0.80	        0.00	  1409761.11	  1481869.42	   -33364.23	      187.27	        0.00	        0.00
        0.80	        0.10	  1597970.42	  1588544.99	    17799.48	      417.25	        0.00	        0.00
        0.80	        0.01	  1567370.42	  1588545.02	    17799.46	      417.25	        0.00	        0.00
        0.80	        0.03	  1756342.36	  1659893.83	   105075.47	      670.15	        0.00	        0.00
        0.80	        0.00	  1725742.36	  1659893.84	   105075.47	      670.15	        0.00	        0.00
        0.80	        0.04	  1440203.64	  1481869.42	   -33364.24	      344.74	        0.00	        0.00
        0.80	        0.00	  1409603.64	  1481869.42	   -33364.23	      344.74	        0.00	        0.00
        0.80	        0.13	  1597742.92	  1588544.99	    17799.48	      644.75	        0.00	        0.00
        0.80	        0.01	  1567142.92	  1588545.01	    17799.47	      644.75	        0.00	        0.00
        0.80	        0.04	  1756038.00	  1659893.83	   105075.47	      974.51	        0.00	        0.00
        0.80	        0.00	  1725438.00	  1659893.84	   105075.47	      974.51	        0.00	        0.00
        0.80	        0.03	  1439902.53	  1481869.42	   -33364.24	      645.86	        0.00	        0.00
        0.80	        0.00	  1409302.53	  1481869.42	   -33364.23	      645.86	        0.00	        0.00
        0.80	        0.10	  1597386.18	  1588544.99	    17799.48	     1001.49	        0.00	        0.00
        0.80	        0.01	  1566786.18	  1588545.02	    17799.46	     1001.49	        0.00	        0.00
        0.80	        0.03	  1755527.12	  1659893.83	   105075.47	     1432.78	       52.60	        0.00
        0.80	        0.00	  1724927.12	  1659893.84	   105075.47	     1432.78	       52.60	        0.00
        0.80	        0.01	  1320743.03	  1300066.79	    29016.32	      383.29	        0.00	        0.00
        0.80	        0.00	  1290143.03	  1300066.81	    29016.31	      383.29	        0.00	        0.00
        0.80	        0.03	  1458449.66	  1393114.78	    74145.68	      854.00	        0.00	        0.00
        0.80	        0.00	  1427849.66	  1393114.78	    74145.68	      854.01	        0.00	        0.00
        0.80	        0.01	  1597092.27	  1456580.74	   149849.49	     1381.16	        0.00	        0.00
        0.80	        0.00	  1566492.27	  1456581.05	   149849.18	     1381.16	        0.00	        0.00
        0.80	        0.01	  1320420.72	  1300066.79	    29016.32	      705.59	        0.00	        0.00
        0.80	        0.00	  1289820.72	  1300066.80	    29016.31	      705.59	        0.00	        0.00
        0.80	        0.04	  1457984.02	  1393114.78	    74145.68	     1319.64	        0.00	        0.00
        0.80	        0.00	  1427384.02	  1393114.78	    74145.68	     1319.64	        0.00	        0.00
        0.80	        0.01	  1596485.13	  1456580.72	   149849.51	     1988.30	        0.00	        0.00
        0.80	        0.00	  1565885.13	  1456580.99	   149849.24	     1988.30	        0.00	        0.00
        0.80	        0.01	  1319650.07	  1300066.79	    29016.32	     1476.25	        0.00	        0.00
        0.80	        0.00	  1289050.07	  1300066.81	    29016.31	     1476.25	        0.00	        0.00
        0.80	        0.03	  1457089.99	  1393114.78	    74145.68	     2213.67	        0.00	        0.00
        0.80	        0.00	  1426489.99	  1393114.78	    74145.68	     2213.67	        0.00	        0.00
        0.80	        0.01	  1595375.83	  1456580.74	   149849.49	     3075.02	       22.57	        0.00
        0.80	        0.00	  1564775.86	  1456581.05	   149849.18	     3075.00	       22.57	        0.00
        1.00	        0.01	  1467651.94	  1516343.13	   -40341.16	      144.03	        0.00	        0.00
        1.00	        0.00	  1437051.94	  1516343.11	   -40341.14	      144.03	        0.00	        0.00
        1.00	        0.03	  1628284.81	  1611374.02	    25439.31	      322.52	        0.00	        0.00
        1.00	        0.00	  1597684.81	  1611374.00	    25439.34	      322.52	        0.00	        0.00
        1.00	        0.01	  1788636.78	  1675231.06	   122141.77	      530.05	        0.00	        0.00
        1.00	        0.00	  1758036.78	  1675231.03	   122141.80	      530.05	        0.00	        0.00
        1.00	        0.01	  1467530.50	  1516343.13	   -40341.16	      265.46	        0.00	        0.00
        1.00	        0.00	  1436930.50	  1516343.11	   -40341.14	      265.47	        0.00	        0.00
        1.00	        0.04	  1628109.20	  1611374.02	    25439.31	      498.13	        0.00	        0.00
        1.00	        0.00	  1597509.20	  1611374.01	    25439.32	      498.13	        0.00	        0.00
        1.00	        0.01	  1788395.06	  1675231.06	   122141.78	      771.77	        0.00	        0.00
        1.00	        0.00	  1757795.06	  1675231.04	   122141.79	      771.77	        0.00	        0.00
        1.00	        0.01	  1467222.55	  1516343.13	   -40341.16	      573.42	        0.00	        0.00
        1.00	        0.00	  1436622.55	  1516343.11	   -40341.14	      573.42	        0.00	        0.00
        1.00	        0.03	  1627763.49	  1611374.02	    25439.31	      843.83	        0.00	        0.00
        1.00	        0.00	  1597163.49	  1611374.00	    25439.34	      843.83	        0.00	        0.00
        1.00	        0.01	  1787888.04	  1675231.06	   122141.77	     1172.10	      106.69	        0.00
        1.00	        0.00	  1757288.04	  1675231.04	   122141.79	     1172.10	      106.69	        0.00
        1.00	        0.03	  1439619.97	  1473622.44	   -25610.01	      186.46	        0.00	        0.00
        1.00	        0.00	  1409019.97	  1473622.30	   -25609.87	      186.46	        0.00	        0.00
        1.00	        0.10	  1595776.27	  1567512.89	    36886.92	      417.53	        0.00	        0.00
        1.00	        0.01	  1565176.27	  1567512.87	    36886.93	      417.53	        0.00	        0.00
        1.00	        0.03	  1751747.80	  1631645.23	   128996.04	      687.47	        0.00	        0.00
        1.00	        0.00	  1721147.80	  1631645.27	   128996.01	      687.47	        0.00	        0.00
        1.00	        0.04	  1439462.76	  1473622.45	   -25610.02	      343.67	        0.00	        0.00
        1.00	        0.00	  1408862.76	  1473622.34	   -25609.91	      343.67	        0.00	        0.00
        1.00	        0.13	  1595548.93	  1567512.89	    36886.92	      644.87	        0.00	        0.00
        1.00	        0.01	  1564948.93	  1567512.88	    36886.93	      644.87	        0.00	        0.00
        1.00	        0.04	  1751437.90	  1631645.23	   128996.04	      997.37	        0.00	        0.00
        1.00	        0.00	  1720837.90	  1631645.26	   128996.01	      997.37	        0.00	        0.00
        1.00	        0.03	  1439035.91	  1473622.44	   -25610.01	      770.52	        0.00	        0.00
        1.00	        0.00	  1408435.91	  1473622.30	   -25609.87	      770.52	        0.00	        0.00
        1.00	        0.10	  1595075.00	  1567512.89	    36886.92	     1118.80	        0.00	        0.00
        1.00	        0.01	  1564475.00	  1567512.87	    36886.93	     1118.80	        0.00	        0.00
        1.00	        0.03	  1750773.64	  1631645.23	   128996.04	     1545.11	      116.53	        0.00
        1.00	        0.00	  1720173.64	  1631645.27	   128996.01	     1545.11	      116.53	        0.00
        1.00	        0.01	  1321693.68	  1293470.11	    36811.20	      381.64	        0.00	        0.00
        1.00	        0.00	  1291093.68	  1293470.37	    36810.95	      381.64	        0.00	        0.00
        1.00	        0.03	  1458545.09	  1379908.47	    87697.19	      854.57	        0.00	        0.00
        1.00	        0.00	  1427945.09	  1379908.49	    87697.18	      854.57	        0.00	        0.00
        1.00	        0.01	  1595520.57	  1437458.25	   167681.89	     1413.56	        0.00	        0.00
        1.00	        0.00	  1564920.58	  1437457.72	   167682.41	     1413.56	        0.00	        0.00
        1.00	        0.01	  1321371.92	  1293470.11	    36811.20	      703.39	        0.00	        0.00
        1.00	        0.00	  1290771.92	  1293470.27	    36811.04	      703.39	        0.00	        0.00
        1.00	        0.04	  1458079.78	  1379908.47	    87697.19	     1319.88	        0.00	        0.00
        1.00	        0.00	  1427479.78	  1379908.48	    87697.18	     1319.88	        0.00	        0.00
        1.00	        0.01	  1594901.66	  1437458.29	   167681.85	     2032.47	        0.00	        0.00
        1.00	        0.00	  1564301.66	  1437457.83	   167682.30	     2032.47	        0.00	        0.00
        1.00	        0.01	  1320311.30	  1293470.11	    36811.20	     1764.01	        0.00	        0.00
        1.00	        0.00	  1289711.31	  1293470.37	    36810.94	     1764.00	        0.00	        0.00
        1.00	        0.03	  1456825.40	  1379908.47	    87697.19	     2574.26	        0.00	        0.00
        1.00	        0.00	  1426225.40	  1379908.49	    87697.18	     2574.26	        0.00	        0.00
        1.00	        0.01	  1593385.63	  1437458.25	   167681.88	     3423.51	      124.99	        0.00
        1.00	        0.00	  1562785.63	  1437457.72	   167682.41	     3423.51	      124.99	        0.00
