	Prob	refPrice	low_dlev	medium_dlev	high_dlev
1	0.000625	250	0.5	0.8	1
2	0.000625	175	0.4875	0.78	0.975
3	0.000625	100	0.475	0.76	0.95
4	0.000625	75	0.4625	0.74	0.925
5	0.000625	70	0.4568	0.73088	0.9136
6	0.000625	65	0.45115	0.72184	0.9023
7	0.000625	50	0.44545	0.71272	0.8909
8	0.000625	45	0.43975	0.7036	0.8795
9	0.000625	40	0.4341	0.69456	0.8682
10	0.000625	40	0.4284	0.68544	0.8568
11	0.000625	40	0.42275	0.6764	0.8455
12	0.000625	40	0.41705	0.66728	0.8341
13	0.000625	40	0.41135	0.65816	0.8227
14	0.000625	40	0.4057	0.64912	0.8114
15	0.000625	40	0.4	0.64	0.8
16	0.000625	40	0.3943	0.63088	0.7886
17	0.000625	40	0.38865	0.62184	0.7773
18	0.000625	40	0.38295	0.61272	0.7659
19	0.000625	40	0.37725	0.6036	0.7545
20	0.000625	40	0.3716	0.59456	0.7432
21	0.000625	40	0.3659	0.58544	0.7318
22	0.000625	40	0.36025	0.5764	0.7205
23	0.000625	40	0.35455	0.56728	0.7091
24	0.000625	40	0.34885	0.55816	0.6977
25	0.000625	40	0.3432	0.54912	0.6864
26	0.000625	40	0.3375	0.54	0.675
27	0.000625	40	0.3318	0.53088	0.6636
28	0.000625	40	0.32615	0.52184	0.6523
29	0.000625	40	0.32045	0.51272	0.6409
30	0.000625	40	0.31475	0.5036	0.6295
31	0.000625	40	0.3091	0.49456	0.6182
32	0.000625	40	0.3034	0.48544	0.6068
33	0.000625	40	0.29775	0.4764	0.5955
34	0.000625	40	0.29205	0.46728	0.5841
35	0.000625	40	0.28635	0.45816	0.5727
36	0.000625	40	0.2807	0.44912	0.5614
37	0.000625	40	0.275	0.44	0.55
38	0.000625	40	0.2625	0.42	0.525
39	0.000625	40	0.25	0.4	0.5
40	0.000625	40	0.2375	0.38	0.475
41	0.000625	100	0.475	0.76	0.95
42	0.000625	75	0.4625	0.74	0.925
43	0.000625	65	0.45	0.72	0.9
44	0.000625	45	0.4375	0.7	0.875
45	0.000625	40	0.4318	0.69088	0.8636
46	0.000625	40	0.42615	0.68184	0.8523
47	0.000625	40	0.42045	0.67272	0.8409
48	0.000625	40	0.41475	0.6636	0.8295
49	0.000625	40	0.4091	0.65456	0.8182
50	0.000625	40	0.4034	0.64544	0.8068
51	0.000625	40	0.39775	0.6364	0.7955
52	0.000625	40	0.39205	0.62728	0.7841
53	0.000625	40	0.38635	0.61816	0.7727
54	0.000625	40	0.3807	0.60912	0.7614
55	0.000625	40	0.375	0.6	0.75
56	0.000625	40	0.3693	0.59088	0.7386
57	0.000625	40	0.36365	0.58184	0.7273
58	0.000625	40	0.35795	0.57272	0.7159
59	0.000625	40	0.35225	0.5636	0.7045
60	0.000625	40	0.3466	0.55456	0.6932
61	0.000625	40	0.3409	0.54544	0.6818
62	0.000625	40	0.33525	0.5364	0.6705
63	0.000625	40	0.32955	0.52728	0.6591
64	0.000625	40	0.32385	0.51816	0.6477
65	0.000625	40	0.3182	0.50912	0.6364
66	0.000625	40	0.3125	0.5	0.625
67	0.000625	40	0.3068	0.49088	0.6136
68	0.000625	40	0.30115	0.48184	0.6023
69	0.000625	40	0.29545	0.47272	0.5909
70	0.000625	40	0.28975	0.4636	0.5795
71	0.000625	40	0.2841	0.45456	0.5682
72	0.000625	40	0.2784	0.44544	0.5568
73	0.000625	40	0.27275	0.4364	0.5455
74	0.000625	40	0.26705	0.42728	0.5341
75	0.000625	40	0.26135	0.41816	0.5227
76	0.000625	40	0.2557	0.40912	0.5114
77	0.000625	40	0.25	0.4	0.5
78	0.000625	40	0.2375	0.38	0.475
79	0.000625	40	0.225	0.36	0.45
80	0.000625	40	0.2125	0.34	0.425
81	0.0025	250	0.5	0.8	1
82	0.0025	175	0.4875	0.78	0.975
83	0.0025	100	0.475	0.76	0.95
84	0.0025	75	0.4625	0.74	0.925
85	0.0025	70	0.4568	0.73088	0.9136
86	0.0025	65	0.45115	0.72184	0.9023
87	0.0025	50	0.44545	0.71272	0.8909
88	0.0025	45	0.43975	0.7036	0.8795
89	0.0025	40	0.4341	0.69456	0.8682
90	0.0025	40	0.4284	0.68544	0.8568
91	0.0025	40	0.42275	0.6764	0.8455
92	0.0025	40	0.41705	0.66728	0.8341
93	0.0025	40	0.41135	0.65816	0.8227
94	0.0025	40	0.4057	0.64912	0.8114
95	0.0025	40	0.4	0.64	0.8
96	0.0025	40	0.3943	0.63088	0.7886
97	0.0025	40	0.38865	0.62184	0.7773
98	0.0025	40	0.38295	0.61272	0.7659
99	0.0025	40	0.37725	0.6036	0.7545
100	0.0025	40	0.3716	0.59456	0.7432
101	0.0025	40	0.3659	0.58544	0.7318
102	0.0025	40	0.36025	0.5764	0.7205
103	0.0025	40	0.35455	0.56728	0.7091
104	0.0025	40	0.34885	0.55816	0.6977
105	0.0025	40	0.3432	0.54912	0.6864
106	0.0025	40	0.3375	0.54	0.675
107	0.0025	40	0.3318	0.53088	0.6636
108	0.0025	40	0.32615	0.52184	0.6523
109	0.0025	40	0.32045	0.51272	0.6409
110	0.0025	40	0.31475	0.5036	0.6295
111	0.0025	40	0.3091	0.49456	0.6182
112	0.0025	40	0.3034	0.48544	0.6068
113	0.0025	40	0.29775	0.4764	0.5955
114	0.0025	40	0.29205	0.46728	0.5841
115	0.0025	40	0.28635	0.45816	0.5727
116	0.0025	40	0.2807	0.44912	0.5614
117	0.0025	40	0.275	0.44	0.55
118	0.0025	40	0.2625	0.42	0.525
119	0.0025	40	0.25	0.4	0.5
120	0.0025	40	0.2375	0.38	0.475
121	0.0025	100	0.475	0.76	0.95
122	0.0025	75	0.4625	0.74	0.925
123	0.0025	65	0.45	0.72	0.9
124	0.0025	45	0.4375	0.7	0.875
125	0.0025	40	0.4318	0.69088	0.8636
126	0.0025	40	0.42615	0.68184	0.8523
127	0.0025	40	0.42045	0.67272	0.8409
128	0.0025	40	0.41475	0.6636	0.8295
129	0.0025	40	0.4091	0.65456	0.8182
130	0.0025	40	0.4034	0.64544	0.8068
131	0.0025	40	0.39775	0.6364	0.7955
132	0.0025	40	0.39205	0.62728	0.7841
133	0.0025	40	0.38635	0.61816	0.7727
134	0.0025	40	0.3807	0.60912	0.7614
135	0.0025	40	0.375	0.6	0.75
136	0.0025	40	0.3693	0.59088	0.7386
137	0.0025	40	0.36365	0.58184	0.7273
138	0.0025	40	0.35795	0.57272	0.7159
139	0.0025	40	0.35225	0.5636	0.7045
140	0.0025	40	0.3466	0.55456	0.6932
141	0.0025	40	0.3409	0.54544	0.6818
142	0.0025	40	0.33525	0.5364	0.6705
143	0.0025	40	0.32955	0.52728	0.6591
144	0.0025	40	0.32385	0.51816	0.6477
145	0.0025	40	0.3182	0.50912	0.6364
146	0.0025	40	0.3125	0.5	0.625
147	0.0025	40	0.3068	0.49088	0.6136
148	0.0025	40	0.30115	0.48184	0.6023
149	0.0025	40	0.29545	0.47272	0.5909
150	0.0025	40	0.28975	0.4636	0.5795
151	0.0025	40	0.2841	0.45456	0.5682
152	0.0025	40	0.2784	0.44544	0.5568
153	0.0025	40	0.27275	0.4364	0.5455
154	0.0025	40	0.26705	0.42728	0.5341
155	0.0025	40	0.26135	0.41816	0.5227
156	0.0025	40	0.2557	0.40912	0.5114
157	0.0025	40	0.25	0.4	0.5
158	0.0025	40	0.2375	0.38	0.475
159	0.0025	40	0.225	0.36	0.45
160	0.0025	40	0.2125	0.34	0.425
161	0.00625	250	0.5	0.8	1
162	0.00625	175	0.4875	0.78	0.975
163	0.00625	100	0.475	0.76	0.95
164	0.00625	75	0.4625	0.74	0.925
165	0.00625	70	0.4568	0.73088	0.9136
166	0.00625	65	0.45115	0.72184	0.9023
167	0.00625	50	0.44545	0.71272	0.8909
168	0.00625	45	0.43975	0.7036	0.8795
169	0.00625	40	0.4341	0.69456	0.8682
170	0.00625	40	0.4284	0.68544	0.8568
171	0.00625	40	0.42275	0.6764	0.8455
172	0.00625	40	0.41705	0.66728	0.8341
173	0.00625	40	0.41135	0.65816	0.8227
174	0.00625	40	0.4057	0.64912	0.8114
175	0.00625	40	0.4	0.64	0.8
176	0.00625	40	0.3943	0.63088	0.7886
177	0.00625	40	0.38865	0.62184	0.7773
178	0.00625	40	0.38295	0.61272	0.7659
179	0.00625	40	0.37725	0.6036	0.7545
180	0.00625	40	0.3716	0.59456	0.7432
181	0.00625	40	0.3659	0.58544	0.7318
182	0.00625	40	0.36025	0.5764	0.7205
183	0.00625	40	0.35455	0.56728	0.7091
184	0.00625	40	0.34885	0.55816	0.6977
185	0.00625	40	0.3432	0.54912	0.6864
186	0.00625	40	0.3375	0.54	0.675
187	0.00625	40	0.3318	0.53088	0.6636
188	0.00625	40	0.32615	0.52184	0.6523
189	0.00625	40	0.32045	0.51272	0.6409
190	0.00625	40	0.31475	0.5036	0.6295
191	0.00625	40	0.3091	0.49456	0.6182
192	0.00625	40	0.3034	0.48544	0.6068
193	0.00625	40	0.29775	0.4764	0.5955
194	0.00625	40	0.29205	0.46728	0.5841
195	0.00625	40	0.28635	0.45816	0.5727
196	0.00625	40	0.2807	0.44912	0.5614
197	0.00625	40	0.275	0.44	0.55
198	0.00625	40	0.2625	0.42	0.525
199	0.00625	40	0.25	0.4	0.5
200	0.00625	40	0.2375	0.38	0.475
201	0.00625	100	0.475	0.76	0.95
202	0.00625	75	0.4625	0.74	0.925
203	0.00625	65	0.45	0.72	0.9
204	0.00625	45	0.4375	0.7	0.875
205	0.00625	40	0.4318	0.69088	0.8636
206	0.00625	40	0.42615	0.68184	0.8523
207	0.00625	40	0.42045	0.67272	0.8409
208	0.00625	40	0.41475	0.6636	0.8295
209	0.00625	40	0.4091	0.65456	0.8182
210	0.00625	40	0.4034	0.64544	0.8068
211	0.00625	40	0.39775	0.6364	0.7955
212	0.00625	40	0.39205	0.62728	0.7841
213	0.00625	40	0.38635	0.61816	0.7727
214	0.00625	40	0.3807	0.60912	0.7614
215	0.00625	40	0.375	0.6	0.75
216	0.00625	40	0.3693	0.59088	0.7386
217	0.00625	40	0.36365	0.58184	0.7273
218	0.00625	40	0.35795	0.57272	0.7159
219	0.00625	40	0.35225	0.5636	0.7045
220	0.00625	40	0.3466	0.55456	0.6932
221	0.00625	40	0.3409	0.54544	0.6818
222	0.00625	40	0.33525	0.5364	0.6705
223	0.00625	40	0.32955	0.52728	0.6591
224	0.00625	40	0.32385	0.51816	0.6477
225	0.00625	40	0.3182	0.50912	0.6364
226	0.00625	40	0.3125	0.5	0.625
227	0.00625	40	0.3068	0.49088	0.6136
228	0.00625	40	0.30115	0.48184	0.6023
229	0.00625	40	0.29545	0.47272	0.5909
230	0.00625	40	0.28975	0.4636	0.5795
231	0.00625	40	0.2841	0.45456	0.5682
232	0.00625	40	0.2784	0.44544	0.5568
233	0.00625	40	0.27275	0.4364	0.5455
234	0.00625	40	0.26705	0.42728	0.5341
235	0.00625	40	0.26135	0.41816	0.5227
236	0.00625	40	0.2557	0.40912	0.5114
237	0.00625	40	0.25	0.4	0.5
238	0.00625	40	0.2375	0.38	0.475
239	0.00625	40	0.225	0.36	0.45
240	0.00625	40	0.2125	0.34	0.425
241	0.0025	250	0.5	0.8	1
242	0.0025	175	0.4875	0.78	0.975
243	0.0025	100	0.475	0.76	0.95
244	0.0025	75	0.4625	0.74	0.925
245	0.0025	70	0.4568	0.73088	0.9136
246	0.0025	65	0.45115	0.72184	0.9023
247	0.0025	50	0.44545	0.71272	0.8909
248	0.0025	45	0.43975	0.7036	0.8795
249	0.0025	40	0.4341	0.69456	0.8682
250	0.0025	40	0.4284	0.68544	0.8568
251	0.0025	40	0.42275	0.6764	0.8455
252	0.0025	40	0.41705	0.66728	0.8341
253	0.0025	40	0.41135	0.65816	0.8227
254	0.0025	40	0.4057	0.64912	0.8114
255	0.0025	40	0.4	0.64	0.8
256	0.0025	40	0.3943	0.63088	0.7886
257	0.0025	40	0.38865	0.62184	0.7773
258	0.0025	40	0.38295	0.61272	0.7659
259	0.0025	40	0.37725	0.6036	0.7545
260	0.0025	40	0.3716	0.59456	0.7432
261	0.0025	40	0.3659	0.58544	0.7318
262	0.0025	40	0.36025	0.5764	0.7205
263	0.0025	40	0.35455	0.56728	0.7091
264	0.0025	40	0.34885	0.55816	0.6977
265	0.0025	40	0.3432	0.54912	0.6864
266	0.0025	40	0.3375	0.54	0.675
267	0.0025	40	0.3318	0.53088	0.6636
268	0.0025	40	0.32615	0.52184	0.6523
269	0.0025	40	0.32045	0.51272	0.6409
270	0.0025	40	0.31475	0.5036	0.6295
271	0.0025	40	0.3091	0.49456	0.6182
272	0.0025	40	0.3034	0.48544	0.6068
273	0.0025	40	0.29775	0.4764	0.5955
274	0.0025	40	0.29205	0.46728	0.5841
275	0.0025	40	0.28635	0.45816	0.5727
276	0.0025	40	0.2807	0.44912	0.5614
277	0.0025	40	0.275	0.44	0.55
278	0.0025	40	0.2625	0.42	0.525
279	0.0025	40	0.25	0.4	0.5
280	0.0025	40	0.2375	0.38	0.475
281	0.0025	100	0.475	0.76	0.95
282	0.0025	75	0.4625	0.74	0.925
283	0.0025	65	0.45	0.72	0.9
284	0.0025	45	0.4375	0.7	0.875
285	0.0025	40	0.4318	0.69088	0.8636
286	0.0025	40	0.42615	0.68184	0.8523
287	0.0025	40	0.42045	0.67272	0.8409
288	0.0025	40	0.41475	0.6636	0.8295
289	0.0025	40	0.4091	0.65456	0.8182
290	0.0025	40	0.4034	0.64544	0.8068
291	0.0025	40	0.39775	0.6364	0.7955
292	0.0025	40	0.39205	0.62728	0.7841
293	0.0025	40	0.38635	0.61816	0.7727
294	0.0025	40	0.3807	0.60912	0.7614
295	0.0025	40	0.375	0.6	0.75
296	0.0025	40	0.3693	0.59088	0.7386
297	0.0025	40	0.36365	0.58184	0.7273
298	0.0025	40	0.35795	0.57272	0.7159
299	0.0025	40	0.35225	0.5636	0.7045
300	0.0025	40	0.3466	0.55456	0.6932
301	0.0025	40	0.3409	0.54544	0.6818
302	0.0025	40	0.33525	0.5364	0.6705
303	0.0025	40	0.32955	0.52728	0.6591
304	0.0025	40	0.32385	0.51816	0.6477
305	0.0025	40	0.3182	0.50912	0.6364
306	0.0025	40	0.3125	0.5	0.625
307	0.0025	40	0.3068	0.49088	0.6136
308	0.0025	40	0.30115	0.48184	0.6023
309	0.0025	40	0.29545	0.47272	0.5909
310	0.0025	40	0.28975	0.4636	0.5795
311	0.0025	40	0.2841	0.45456	0.5682
312	0.0025	40	0.2784	0.44544	0.5568
313	0.0025	40	0.27275	0.4364	0.5455
314	0.0025	40	0.26705	0.42728	0.5341
315	0.0025	40	0.26135	0.41816	0.5227
316	0.0025	40	0.2557	0.40912	0.5114
317	0.0025	40	0.25	0.4	0.5
318	0.0025	40	0.2375	0.38	0.475
319	0.0025	40	0.225	0.36	0.45
320	0.0025	40	0.2125	0.34	0.425
321	0.000625	250	0.5	0.8	1
322	0.000625	175	0.4875	0.78	0.975
323	0.000625	100	0.475	0.76	0.95
324	0.000625	75	0.4625	0.74	0.925
325	0.000625	70	0.4568	0.73088	0.9136
326	0.000625	65	0.45115	0.72184	0.9023
327	0.000625	50	0.44545	0.71272	0.8909
328	0.000625	45	0.43975	0.7036	0.8795
329	0.000625	40	0.4341	0.69456	0.8682
330	0.000625	40	0.4284	0.68544	0.8568
331	0.000625	40	0.42275	0.6764	0.8455
332	0.000625	40	0.41705	0.66728	0.8341
333	0.000625	40	0.41135	0.65816	0.8227
334	0.000625	40	0.4057	0.64912	0.8114
335	0.000625	40	0.4	0.64	0.8
336	0.000625	40	0.3943	0.63088	0.7886
337	0.000625	40	0.38865	0.62184	0.7773
338	0.000625	40	0.38295	0.61272	0.7659
339	0.000625	40	0.37725	0.6036	0.7545
340	0.000625	40	0.3716	0.59456	0.7432
341	0.000625	40	0.3659	0.58544	0.7318
342	0.000625	40	0.36025	0.5764	0.7205
343	0.000625	40	0.35455	0.56728	0.7091
344	0.000625	40	0.34885	0.55816	0.6977
345	0.000625	40	0.3432	0.54912	0.6864
346	0.000625	40	0.3375	0.54	0.675
347	0.000625	40	0.3318	0.53088	0.6636
348	0.000625	40	0.32615	0.52184	0.6523
349	0.000625	40	0.32045	0.51272	0.6409
350	0.000625	40	0.31475	0.5036	0.6295
351	0.000625	40	0.3091	0.49456	0.6182
352	0.000625	40	0.3034	0.48544	0.6068
353	0.000625	40	0.29775	0.4764	0.5955
354	0.000625	40	0.29205	0.46728	0.5841
355	0.000625	40	0.28635	0.45816	0.5727
356	0.000625	40	0.2807	0.44912	0.5614
357	0.000625	40	0.275	0.44	0.55
358	0.000625	40	0.2625	0.42	0.525
359	0.000625	40	0.25	0.4	0.5
360	0.000625	40	0.2375	0.38	0.475
361	0.000625	100	0.475	0.76	0.95
362	0.000625	75	0.4625	0.74	0.925
363	0.000625	65	0.45	0.72	0.9
364	0.000625	45	0.4375	0.7	0.875
365	0.000625	40	0.4318	0.69088	0.8636
366	0.000625	40	0.42615	0.68184	0.8523
367	0.000625	40	0.42045	0.67272	0.8409
368	0.000625	40	0.41475	0.6636	0.8295
369	0.000625	40	0.4091	0.65456	0.8182
370	0.000625	40	0.4034	0.64544	0.8068
371	0.000625	40	0.39775	0.6364	0.7955
372	0.000625	40	0.39205	0.62728	0.7841
373	0.000625	40	0.38635	0.61816	0.7727
374	0.000625	40	0.3807	0.60912	0.7614
375	0.000625	40	0.375	0.6	0.75
376	0.000625	40	0.3693	0.59088	0.7386
377	0.000625	40	0.36365	0.58184	0.7273
378	0.000625	40	0.35795	0.57272	0.7159
379	0.000625	40	0.35225	0.5636	0.7045
380	0.000625	40	0.3466	0.55456	0.6932
381	0.000625	40	0.3409	0.54544	0.6818
382	0.000625	40	0.33525	0.5364	0.6705
383	0.000625	40	0.32955	0.52728	0.6591
384	0.000625	40	0.32385	0.51816	0.6477
385	0.000625	40	0.3182	0.50912	0.6364
386	0.000625	40	0.3125	0.5	0.625
387	0.000625	40	0.3068	0.49088	0.6136
388	0.000625	40	0.30115	0.48184	0.6023
389	0.000625	40	0.29545	0.47272	0.5909
390	0.000625	40	0.28975	0.4636	0.5795
391	0.000625	40	0.2841	0.45456	0.5682
392	0.000625	40	0.2784	0.44544	0.5568
393	0.000625	40	0.27275	0.4364	0.5455
394	0.000625	40	0.26705	0.42728	0.5341
395	0.000625	40	0.26135	0.41816	0.5227
396	0.000625	40	0.2557	0.40912	0.5114
397	0.000625	40	0.25	0.4	0.5
398	0.000625	40	0.2375	0.38	0.475
399	0.000625	40	0.225	0.36	0.45
400	0.000625	40	0.2125	0.34	0.425
