#id	1	2	3	4	5	6	7	8					
1	1	1	1	1	1	1	0.81	0.81					
2	1	1	1	1	1	1	0.81	0.81					
3	1	1	1	1	1	1	0.81	0.81					
4	1	1	1	1	1	1	0.81	0.81					
5	1	1	1	1	1	1	0.81	0.81					
6	1	1	1	1	1	1	0.81	0.81					
7	1	1	1	1	1	1	0.81	0.81					
8	1	1	1	1	1	1	0.81	0.81					
9	1	1	1	1	1	1	0.81	0.81					
10	1	1	1	1	1	1	0.81	0.81					
11	1	1	1	1	1	1	0.81	0.81					
12	1	1	1	1	1	1	0.81	0.81					
13	1	1	1	1	1	1	0.81	0.81					
14	1	1	1	1	1	1	0.81	0.81					
15	1	1	1	1	1	1	0.81	0.81					
16	1	1	1	1	1	1	0.81	0.81					
17	1	1	1	1	1	1	0.81	0.81					
18	1	1	1	1	1	1	0.81	0.81					
19	1	1	1	1	1	1	0.81	0.81					
20	1	1	1	1	1	1	0.81	0.81					
21	1	1	1	1	1	1	0.81	0.81					
22	1	1	1	1	1	1	0.81	0.81					
23	1	1	1	1	1	1	0.81	0.81					
24	1	1	1	1	1	1	0.81	0.81					
25	1	1	1	1	1	1	0.81	0.81					
26	1	1	1	1	1	1	0.81	0.81					
27	1	1	1	1	1	1	0.81	0.81					
28	1	1	1	1	1	1	0.81	0.81					
29	1	1	1	1	1	1	0.81	0.81					
30	1	1	1	1	1	1	0.81	0.81					
31	1	1	1	1	1	1	0.81	0.81					
32	1	1	1	1	1	1	0.81	0.81					
33	1	1	1	1	1	1	0.81	0.81					
34	1	1	1	1	1	1	0.81	0.81					
35	1	1	1	1	1	1	0.81	0.81					
36	1	1	1	1	1	1	0.81	0.81					
37	1	1	1	1	1	1	0.81	0.81					
38	1	1	1	1	1	1	0.81	0.81					
39	1	1	1	1	1	1	0.81	0.81					
40	1	1	1	1	1	1	0.81	0.81					
41	1	1	1	1	1	1	0.46	0.46					
42	1	1	1	1	1	1	0.46	0.46					
43	1	1	1	1	1	1	0.46	0.46					
44	1	1	1	1	1	1	0.46	0.46					
45	1	1	1	1	1	1	0.46	0.46					
46	1	1	1	1	1	1	0.46	0.46					
47	1	1	1	1	1	1	0.46	0.46					
48	1	1	1	1	1	1	0.46	0.46					
49	1	1	1	1	1	1	0.46	0.46					
50	1	1	1	1	1	1	0.46	0.46					
51	1	1	1	1	1	1	0.46	0.46					
52	1	1	1	1	1	1	0.46	0.46					
53	1	1	1	1	1	1	0.46	0.46					
54	1	1	1	1	1	1	0.46	0.46					
55	1	1	1	1	1	1	0.46	0.46					
56	1	1	1	1	1	1	0.46	0.46					
57	1	1	1	1	1	1	0.46	0.46					
58	1	1	1	1	1	1	0.46	0.46					
59	1	1	1	1	1	1	0.46	0.46					
60	1	1	1	1	1	1	0.46	0.46					
61	1	1	1	1	1	1	0.46	0.46					
62	1	1	1	1	1	1	0.46	0.46					
63	1	1	1	1	1	1	0.46	0.46					
64	1	1	1	1	1	1	0.46	0.46					
65	1	1	1	1	1	1	0.46	0.46					
66	1	1	1	1	1	1	0.46	0.46					
67	1	1	1	1	1	1	0.46	0.46					
68	1	1	1	1	1	1	0.46	0.46					
69	1	1	1	1	1	1	0.46	0.46					
70	1	1	1	1	1	1	0.46	0.46					
71	1	1	1	1	1	1	0.46	0.46					
72	1	1	1	1	1	1	0.46	0.46					
73	1	1	1	1	1	1	0.46	0.46					
74	1	1	1	1	1	1	0.46	0.46					
75	1	1	1	1	1	1	0.46	0.46					
76	1	1	1	1	1	1	0.46	0.46					
77	1	1	1	1	1	1	0.46	0.46					
78	1	1	1	1	1	1	0.46	0.46					
79	1	1	1	1	1	1	0.46	0.46					
80	1	1	1	1	1	1	0.46	0.46					
81	1	1	1	1	1	1	0.52	0.52					
82	1	1	1	1	1	1	0.52	0.52					
83	1	1	1	1	1	1	0.52	0.52					
84	1	1	1	1	1	1	0.52	0.52					
85	1	1	1	1	1	1	0.52	0.52					
86	1	1	1	1	1	1	0.52	0.52					
87	1	1	1	1	1	1	0.52	0.52					
88	1	1	1	1	1	1	0.52	0.52					
89	1	1	1	1	1	1	0.52	0.52					
90	1	1	1	1	1	1	0.52	0.52					
91	1	1	1	1	1	1	0.52	0.52					
92	1	1	1	1	1	1	0.52	0.52					
93	1	1	1	1	1	1	0.52	0.52					
94	1	1	1	1	1	1	0.52	0.52					
95	1	1	1	1	1	1	0.52	0.52					
96	1	1	1	1	1	1	0.52	0.52					
97	1	1	1	1	1	1	0.52	0.52					
98	1	1	1	1	1	1	0.52	0.52					
99	1	1	1	1	1	1	0.52	0.52					
100	1	1	1	1	1	1	0.52	0.52					
101	1	1	1	1	1	1	0.52	0.52					
102	1	1	1	1	1	1	0.52	0.52					
103	1	1	1	1	1	1	0.52	0.52					
104	1	1	1	1	1	1	0.52	0.52					
105	1	1	1	1	1	1	0.52	0.52					
106	1	1	1	1	1	1	0.52	0.52					
107	1	1	1	1	1	1	0.52	0.52					
108	1	1	1	1	1	1	0.52	0.52					
109	1	1	1	1	1	1	0.52	0.52					
110	1	1	1	1	1	1	0.52	0.52					
111	1	1	1	1	1	1	0.52	0.52					
112	1	1	1	1	1	1	0.52	0.52					
113	1	1	1	1	1	1	0.52	0.52					
114	1	1	1	1	1	1	0.52	0.52					
115	1	1	1	1	1	1	0.52	0.52					
116	1	1	1	1	1	1	0.52	0.52					
117	1	1	1	1	1	1	0.52	0.52					
118	1	1	1	1	1	1	0.52	0.52					
119	1	1	1	1	1	1	0.52	0.52					
120	1	1	1	1	1	1	0.52	0.52					
121	1	1	1	1	1	1	0.34	0.34					
122	1	1	1	1	1	1	0.34	0.34					
123	1	1	1	1	1	1	0.34	0.34					
124	1	1	1	1	1	1	0.34	0.34					
125	1	1	1	1	1	1	0.34	0.34					
126	1	1	1	1	1	1	0.34	0.34					
127	1	1	1	1	1	1	0.34	0.34					
128	1	1	1	1	1	1	0.34	0.34					
129	1	1	1	1	1	1	0.34	0.34					
130	1	1	1	1	1	1	0.34	0.34					
131	1	1	1	1	1	1	0.34	0.34					
132	1	1	1	1	1	1	0.34	0.34					
133	1	1	1	1	1	1	0.34	0.34					
134	1	1	1	1	1	1	0.34	0.34					
135	1	1	1	1	1	1	0.34	0.34					
136	1	1	1	1	1	1	0.34	0.34					
137	1	1	1	1	1	1	0.34	0.34					
138	1	1	1	1	1	1	0.34	0.34					
139	1	1	1	1	1	1	0.34	0.34					
140	1	1	1	1	1	1	0.34	0.34					
141	1	1	1	1	1	1	0.34	0.34					
142	1	1	1	1	1	1	0.34	0.34					
143	1	1	1	1	1	1	0.34	0.34					
144	1	1	1	1	1	1	0.34	0.34					
145	1	1	1	1	1	1	0.34	0.34					
146	1	1	1	1	1	1	0.34	0.34					
147	1	1	1	1	1	1	0.34	0.34					
148	1	1	1	1	1	1	0.34	0.34					
149	1	1	1	1	1	1	0.34	0.34					
150	1	1	1	1	1	1	0.34	0.34					
151	1	1	1	1	1	1	0.34	0.34					
152	1	1	1	1	1	1	0.34	0.34					
153	1	1	1	1	1	1	0.34	0.34					
154	1	1	1	1	1	1	0.34	0.34					
155	1	1	1	1	1	1	0.34	0.34					
156	1	1	1	1	1	1	0.34	0.34					
157	1	1	1	1	1	1	0.34	0.34					
158	1	1	1	1	1	1	0.34	0.34					
159	1	1	1	1	1	1	0.34	0.34					
160	1	1	1	1	1	1	0.34	0.34					
161	1	1	1	1	1	1	0.22	0.22					
162	1	1	1	1	1	1	0.22	0.22					
163	1	1	1	1	1	1	0.22	0.22					
164	1	1	1	1	1	1	0.22	0.22					
165	1	1	1	1	1	1	0.22	0.22					
166	1	1	1	1	1	1	0.22	0.22					
167	1	1	1	1	1	1	0.22	0.22					
168	1	1	1	1	1	1	0.22	0.22					
169	1	1	1	1	1	1	0.22	0.22					
170	1	1	1	1	1	1	0.22	0.22					
171	1	1	1	1	1	1	0.22	0.22					
172	1	1	1	1	1	1	0.22	0.22					
173	1	1	1	1	1	1	0.22	0.22					
174	1	1	1	1	1	1	0.22	0.22					
175	1	1	1	1	1	1	0.22	0.22					
176	1	1	1	1	1	1	0.22	0.22					
177	1	1	1	1	1	1	0.22	0.22					
178	1	1	1	1	1	1	0.22	0.22					
179	1	1	1	1	1	1	0.22	0.22					
180	1	1	1	1	1	1	0.22	0.22					
181	1	1	1	1	1	1	0.22	0.22					
182	1	1	1	1	1	1	0.22	0.22					
183	1	1	1	1	1	1	0.22	0.22					
184	1	1	1	1	1	1	0.22	0.22					
185	1	1	1	1	1	1	0.22	0.22					
186	1	1	1	1	1	1	0.22	0.22					
187	1	1	1	1	1	1	0.22	0.22					
188	1	1	1	1	1	1	0.22	0.22					
189	1	1	1	1	1	1	0.22	0.22					
190	1	1	1	1	1	1	0.22	0.22					
191	1	1	1	1	1	1	0.22	0.22					
192	1	1	1	1	1	1	0.22	0.22					
193	1	1	1	1	1	1	0.22	0.22					
194	1	1	1	1	1	1	0.22	0.22					
195	1	1	1	1	1	1	0.22	0.22					
196	1	1	1	1	1	1	0.22	0.22					
197	1	1	1	1	1	1	0.22	0.22					
198	1	1	1	1	1	1	0.22	0.22					
199	1	1	1	1	1	1	0.22	0.22					
200	1	1	1	1	1	1	0.22	0.22					
201	1	1	1	1	1	1	0.14	0.14					
202	1	1	1	1	1	1	0.14	0.14					
203	1	1	1	1	1	1	0.14	0.14					
204	1	1	1	1	1	1	0.14	0.14					
205	1	1	1	1	1	1	0.14	0.14					
206	1	1	1	1	1	1	0.14	0.14					
207	1	1	1	1	1	1	0.14	0.14					
208	1	1	1	1	1	1	0.14	0.14					
209	1	1	1	1	1	1	0.14	0.14					
210	1	1	1	1	1	1	0.14	0.14					
211	1	1	1	1	1	1	0.14	0.14					
212	1	1	1	1	1	1	0.14	0.14					
213	1	1	1	1	1	1	0.14	0.14					
214	1	1	1	1	1	1	0.14	0.14					
215	1	1	1	1	1	1	0.14	0.14					
216	1	1	1	1	1	1	0.14	0.14					
217	1	1	1	1	1	1	0.14	0.14					
218	1	1	1	1	1	1	0.14	0.14					
219	1	1	1	1	1	1	0.14	0.14					
220	1	1	1	1	1	1	0.14	0.14					
221	1	1	1	1	1	1	0.14	0.14					
222	1	1	1	1	1	1	0.14	0.14					
223	1	1	1	1	1	1	0.14	0.14					
224	1	1	1	1	1	1	0.14	0.14					
225	1	1	1	1	1	1	0.14	0.14					
226	1	1	1	1	1	1	0.14	0.14					
227	1	1	1	1	1	1	0.14	0.14					
228	1	1	1	1	1	1	0.14	0.14					
229	1	1	1	1	1	1	0.14	0.14					
230	1	1	1	1	1	1	0.14	0.14					
231	1	1	1	1	1	1	0.14	0.14					
232	1	1	1	1	1	1	0.14	0.14					
233	1	1	1	1	1	1	0.14	0.14					
234	1	1	1	1	1	1	0.14	0.14					
235	1	1	1	1	1	1	0.14	0.14					
236	1	1	1	1	1	1	0.14	0.14					
237	1	1	1	1	1	1	0.14	0.14					
238	1	1	1	1	1	1	0.14	0.14					
239	1	1	1	1	1	1	0.14	0.14					
240	1	1	1	1	1	1	0.14	0.14					
241	1	1	1	1	1	1	0.07	0.07					
242	1	1	1	1	1	1	0.07	0.07					
243	1	1	1	1	1	1	0.07	0.07					
244	1	1	1	1	1	1	0.07	0.07					
245	1	1	1	1	1	1	0.07	0.07					
246	1	1	1	1	1	1	0.07	0.07					
247	1	1	1	1	1	1	0.07	0.07					
248	1	1	1	1	1	1	0.07	0.07					
249	1	1	1	1	1	1	0.07	0.07					
250	1	1	1	1	1	1	0.07	0.07					
251	1	1	1	1	1	1	0.07	0.07					
252	1	1	1	1	1	1	0.07	0.07					
253	1	1	1	1	1	1	0.07	0.07					
254	1	1	1	1	1	1	0.07	0.07					
255	1	1	1	1	1	1	0.07	0.07					
256	1	1	1	1	1	1	0.07	0.07					
257	1	1	1	1	1	1	0.07	0.07					
258	1	1	1	1	1	1	0.07	0.07					
259	1	1	1	1	1	1	0.07	0.07					
260	1	1	1	1	1	1	0.07	0.07					
261	1	1	1	1	1	1	0.07	0.07					
262	1	1	1	1	1	1	0.07	0.07					
263	1	1	1	1	1	1	0.07	0.07					
264	1	1	1	1	1	1	0.07	0.07					
265	1	1	1	1	1	1	0.07	0.07					
266	1	1	1	1	1	1	0.07	0.07					
267	1	1	1	1	1	1	0.07	0.07					
268	1	1	1	1	1	1	0.07	0.07					
269	1	1	1	1	1	1	0.07	0.07					
270	1	1	1	1	1	1	0.07	0.07					
271	1	1	1	1	1	1	0.07	0.07					
272	1	1	1	1	1	1	0.07	0.07					
273	1	1	1	1	1	1	0.07	0.07					
274	1	1	1	1	1	1	0.07	0.07					
275	1	1	1	1	1	1	0.07	0.07					
276	1	1	1	1	1	1	0.07	0.07					
277	1	1	1	1	1	1	0.07	0.07					
278	1	1	1	1	1	1	0.07	0.07					
279	1	1	1	1	1	1	0.07	0.07					
280	1	1	1	1	1	1	0.07	0.07					
281	1	1	1	1	1	1	0.04	0.04					
282	1	1	1	1	1	1	0.04	0.04					
283	1	1	1	1	1	1	0.04	0.04					
284	1	1	1	1	1	1	0.04	0.04					
285	1	1	1	1	1	1	0.04	0.04					
286	1	1	1	1	1	1	0.04	0.04					
287	1	1	1	1	1	1	0.04	0.04					
288	1	1	1	1	1	1	0.04	0.04					
289	1	1	1	1	1	1	0.04	0.04					
290	1	1	1	1	1	1	0.04	0.04					
291	1	1	1	1	1	1	0.04	0.04					
292	1	1	1	1	1	1	0.04	0.04					
293	1	1	1	1	1	1	0.04	0.04					
294	1	1	1	1	1	1	0.04	0.04					
295	1	1	1	1	1	1	0.04	0.04					
296	1	1	1	1	1	1	0.04	0.04					
297	1	1	1	1	1	1	0.04	0.04					
298	1	1	1	1	1	1	0.04	0.04					
299	1	1	1	1	1	1	0.04	0.04					
300	1	1	1	1	1	1	0.04	0.04					
301	1	1	1	1	1	1	0.04	0.04					
302	1	1	1	1	1	1	0.04	0.04					
303	1	1	1	1	1	1	0.04	0.04					
304	1	1	1	1	1	1	0.04	0.04					
305	1	1	1	1	1	1	0.04	0.04					
306	1	1	1	1	1	1	0.04	0.04					
307	1	1	1	1	1	1	0.04	0.04					
308	1	1	1	1	1	1	0.04	0.04					
309	1	1	1	1	1	1	0.04	0.04					
310	1	1	1	1	1	1	0.04	0.04					
311	1	1	1	1	1	1	0.04	0.04					
312	1	1	1	1	1	1	0.04	0.04					
313	1	1	1	1	1	1	0.04	0.04					
314	1	1	1	1	1	1	0.04	0.04					
315	1	1	1	1	1	1	0.04	0.04					
316	1	1	1	1	1	1	0.04	0.04					
317	1	1	1	1	1	1	0.04	0.04					
318	1	1	1	1	1	1	0.04	0.04					
319	1	1	1	1	1	1	0.04	0.04					
320	1	1	1	1	1	1	0.04	0.04					
321	1	1	1	1	1	1	0.02	0.02					
322	1	1	1	1	1	1	0.02	0.02					
323	1	1	1	1	1	1	0.02	0.02					
324	1	1	1	1	1	1	0.02	0.02					
325	1	1	1	1	1	1	0.02	0.02					
326	1	1	1	1	1	1	0.02	0.02					
327	1	1	1	1	1	1	0.02	0.02					
328	1	1	1	1	1	1	0.02	0.02					
329	1	1	1	1	1	1	0.02	0.02					
330	1	1	1	1	1	1	0.02	0.02					
331	1	1	1	1	1	1	0.02	0.02					
332	1	1	1	1	1	1	0.02	0.02					
333	1	1	1	1	1	1	0.02	0.02					
334	1	1	1	1	1	1	0.02	0.02					
335	1	1	1	1	1	1	0.02	0.02					
336	1	1	1	1	1	1	0.02	0.02					
337	1	1	1	1	1	1	0.02	0.02					
338	1	1	1	1	1	1	0.02	0.02					
339	1	1	1	1	1	1	0.02	0.02					
340	1	1	1	1	1	1	0.02	0.02					
341	1	1	1	1	1	1	0.02	0.02					
342	1	1	1	1	1	1	0.02	0.02					
343	1	1	1	1	1	1	0.02	0.02					
344	1	1	1	1	1	1	0.02	0.02					
345	1	1	1	1	1	1	0.02	0.02					
346	1	1	1	1	1	1	0.02	0.02					
347	1	1	1	1	1	1	0.02	0.02					
348	1	1	1	1	1	1	0.02	0.02					
349	1	1	1	1	1	1	0.02	0.02					
350	1	1	1	1	1	1	0.02	0.02					
351	1	1	1	1	1	1	0.02	0.02					
352	1	1	1	1	1	1	0.02	0.02					
353	1	1	1	1	1	1	0.02	0.02					
354	1	1	1	1	1	1	0.02	0.02					
355	1	1	1	1	1	1	0.02	0.02					
356	1	1	1	1	1	1	0.02	0.02					
357	1	1	1	1	1	1	0.02	0.02					
358	1	1	1	1	1	1	0.02	0.02					
359	1	1	1	1	1	1	0.02	0.02					
360	1	1	1	1	1	1	0.02	0.02					
361	1	1	1	1	1	1	0.01	0.01					
362	1	1	1	1	1	1	0.01	0.01					
363	1	1	1	1	1	1	0.01	0.01					
364	1	1	1	1	1	1	0.01	0.01					
365	1	1	1	1	1	1	0.01	0.01					
366	1	1	1	1	1	1	0.01	0.01					
367	1	1	1	1	1	1	0.01	0.01					
368	1	1	1	1	1	1	0.01	0.01					
369	1	1	1	1	1	1	0.01	0.01					
370	1	1	1	1	1	1	0.01	0.01					
371	1	1	1	1	1	1	0.01	0.01					
372	1	1	1	1	1	1	0.01	0.01					
373	1	1	1	1	1	1	0.01	0.01					
374	1	1	1	1	1	1	0.01	0.01					
375	1	1	1	1	1	1	0.01	0.01					
376	1	1	1	1	1	1	0.01	0.01					
377	1	1	1	1	1	1	0.01	0.01					
378	1	1	1	1	1	1	0.01	0.01					
379	1	1	1	1	1	1	0.01	0.01					
380	1	1	1	1	1	1	0.01	0.01					
381	1	1	1	1	1	1	0.01	0.01					
382	1	1	1	1	1	1	0.01	0.01					
383	1	1	1	1	1	1	0.01	0.01					
384	1	1	1	1	1	1	0.01	0.01					
385	1	1	1	1	1	1	0.01	0.01					
386	1	1	1	1	1	1	0.01	0.01					
387	1	1	1	1	1	1	0.01	0.01					
388	1	1	1	1	1	1	0.01	0.01					
389	1	1	1	1	1	1	0.01	0.01					
390	1	1	1	1	1	1	0.01	0.01					
391	1	1	1	1	1	1	0.01	0.01					
392	1	1	1	1	1	1	0.01	0.01					
393	1	1	1	1	1	1	0.01	0.01					
394	1	1	1	1	1	1	0.01	0.01					
395	1	1	1	1	1	1	0.01	0.01					
396	1	1	1	1	1	1	0.01	0.01					
397	1	1	1	1	1	1	0.01	0.01					
398	1	1	1	1	1	1	0.01	0.01					
399	1	1	1	1	1	1	0.01	0.01					
400	1	1	1	1	1	1	0.01	0.01					
